201,'1',540,,5578,43,0,18,0,70,,5585,43,0,18,0,30,,4691,43,0,18,0,70,,5594,43,0,18,0,30,,5584,43,0,18,0,70,,5598,43,0,18,0,30,,599,43,0,18,0,70,,5599,43,0,18,0,30,,5596,43,0,18,0,70,,588,43,0,18,0,30,,5125,43,0,18,0,70,,5586,43,0,18,0,30,,5595,43,0,18,0,70,,3081,43,0,18,0,30,,4150,43,0,18,0,70,,5600,43,0,18,0,30,,5591,43,0,18,0,70,,5592,43,0,18,0,30,,4572,43,0,18,0,70,,2321,43,0,18,0,30,,5588,43,0,18,0,70,,5601,43,0,18,0,30,,5583,43,0,18,0,70,,5597,43,0,18,0,30,,5582,43,0,18,0,70,,5580,43,0,18,0,30,,5587,43,0,18,0,70,,5590,43,0,18,0,30,,2997,43,0,18,0,70,,5579,43,0,18,0,30,,5593,43,0,18,0,70,,5581,43,0,18,0,30,,5589,43,0,18,0,70,,5602,43,0,18,0,30,,5577,43,0,18,0,70,,5603,43,0,18,0
201,'2',540,,4557,43,0,18,0,70,,5623,43,0,18,0,30,,4672,43,0,18,0,70,,5630,43,0,18,0,30,,5244,43,0,18,0,70,,5611,43,0,18,0,30,,3571,43,0,18,0,70,,5616,43,0,18,0,30,,5625,43,0,18,0,70,,5629,43,0,18,0,30,,5609,43,0,18,0,70,,5627,43,0,18,0,30,,4547,43,0,18,0,70,,5617,43,0,18,0,30,,5618,43,0,18,0,70,,5621,43,0,18,0,30,,5610,43,0,18,0,70,,5615,43,0,18,0,30,,5622,43,0,18,0,70,,5619,43,0,18,0,30,,5613,43,0,18,0,70,,4273,43,0,18,0,30,,5626,43,0,18,0,70,,5628,43,0,18,0,30,,5614,43,0,18,0,70,,4028,43,0,18,0,30,,5604,43,0,18,0,70,,5605,43,0,18,0,30,,251,43,0,18,0,70,,5608,43,0,18,0,30,,5607,43,0,18,0,70,,5624,43,0,18,0,30,,3626,43,0,18,0,70,,5620,43,0,18,0,30,,5606,43,0,18,0,70,,5612,43,0,18,0
201,'3',840,,5640,43,0,18,0,70,,5633,43,0,18,0,30,,5133,43,0,18,0,70,,5645,43,0,18,0,30,,5631,43,0,18,0,70,,5136,43,0,18,0,30,,5651,43,0,18,0,70,,5635,43,0,18,0,30,,5636,43,0,18,0,70,,5634,43,0,18,0,30,,5632,43,0,18,0,70,,5647,43,0,18,0,30,,5639,43,0,18,0,70,,5650,43,0,18,0,30,,5642,43,0,18,0,70,,5638,43,0,18,0,30,,5646,43,0,18,0,70,,5644,43,0,18,0,30,,5637,43,0,18,0,70,,5649,43,0,18,0,30,,5643,43,0,18,0,70,,5648,43,0,18,0,30,,5641,43,0,18,0,70,,1538,43,0,18,0
201,'4',540,,3823,43,0,18,0,70,,5663,43,0,18,0,30,,3060,43,0,18,0,70,,5657,43,0,18,0,30,,5668,43,0,18,0,70,,5661,43,0,18,0,30,,1303,43,0,18,0,70,,5144,43,0,18,0,30,,4533,43,0,18,0,70,,5659,43,0,18,0,30,,5664,43,0,18,0,70,,5674,43,0,18,0,30,,5666,43,0,18,0,70,,5675,43,0,18,0,30,,5671,43,0,18,0,70,,5038,43,0,18,0,30,,5655,43,0,18,0,70,,5653,43,0,18,0,30,,5652,43,0,18,0,70,,2465,43,0,18,0,30,,5658,43,0,18,0,70,,5669,43,0,18,0,30,,4400,43,0,18,0,70,,5676,43,0,18,0,30,,5670,43,0,18,0,70,,5149,43,0,18,0,30,,5656,43,0,18,0,70,,5672,43,0,18,0,30,,3272,43,0,18,0,70,,4335,43,0,18,0,30,,5660,43,0,18,0,70,,5673,43,0,18,0,30,,5654,43,0,18,0,70,,5667,43,0,18,0,30,,5662,43,0,18,0,70,,5665,43,0,18,0
301,'1',537,,5748,23,0,65 2 64,0,70,,4629,23,0,65 2 64,0,30,,5759,23,0,65 2 64,0,70,,5767,23,0,65 2 64,0,30,,5753,23,0,65 2 64,0,70,,5745,23,0,65 2 64,0,30,,5770,23,0,65 2 64,0,70,,5747,23,0,65 2 64,0,30,,4500,23,0,65 2 64,0,70,,3009,23,0,65 2 64,0,30,,5746,23,0,65 2 64,0,70,,5766,23,0,65 2 64,0,30,,2239,23,0,65 2 64,0,70,,3878,23,0,65 2 64,0,30,,5749,23,0,65 2 64,0,70,,5769,23,0,65 2 64,0,30,,5755,23,0,65 2 64,0,70,,5768,23,0,65 2 64,0,30,,5752,23,0,65 2 64,0,70,,5763,23,0,65 2 64,0,30,,5758,23,0,65 2 64,0,70,,5765,23,0,65 2 64,0,30,,3190,23,0,65 2 64,0,70,,5760,23,0,65 2 64,0,30,,5757,23,0,65 2 64,0,70,,5744,23,0,65 2 64,0,30,,5756,23,0,65 2 64,0,70,,5750,23,0,65 2 64,0,30,,5762,23,0,65 2 64,0,70,,3969,23,0,65 2 64,0,30,,5761,23,0,65 2 64,0,100,,5764,23,0,65 2 64,0,100,,5754,23,0,65 2 64,0,100,,5751,23,0,65 2 64,0
301,'2',537,,5777,23,0,65 2 64,0,70,,5793,23,0,65 2 64,0,30,,5785,23,0,65 2 64,0,70,,5790,23,0,65 2 64,0,30,,5786,23,0,65 2 64,0,70,,3951,23,0,65 2 64,0,30,,5780,23,0,65 2 64,0,70,,5789,23,0,65 2 64,0,30,,5787,23,0,65 2 64,0,70,,5781,23,0,65 2 64,0,30,,5782,23,0,65 2 64,0,70,,5778,23,0,65 2 64,0,30,,5792,23,0,65 2 64,0,70,,4754,23,0,65 2 64,0,30,,5771,23,0,65 2 64,0,70,,3558,23,0,65 2 64,0,30,,4606,23,0,65 2 64,0,70,,5774,23,0,65 2 64,0,30,,5779,23,0,65 2 64,0,70,,2752,23,0,65 2 64,0,30,,5784,23,0,65 2 64,0,70,,5772,23,0,65 2 64,0,30,,3393,23,0,65 2 64,0,70,,5773,23,0,65 2 64,0,30,,4546,23,0,65 2 64,0,70,,5776,23,0,65 2 64,0,30,,5775,23,0,65 2 64,0,70,,5198,23,0,65 2 64,0,30,,4136,23,0,65 2 64,0,70,,5783,23,0,65 2 64,0,30,,5232,23,0,65 2 64,0,100,,5788,23,0,65 2 64,0,100,,5791,23,0,65 2 64,0,100,,5794,23,0,65 2 64,0
301,'3',837,,5798,23,0,65 2 64,0,100,,5805,23,0,65 2 64,0,100,,4712,23,0,65 2 64,0,100,,5797,23,0,65 2 64,0,100,,5803,23,0,65 2 64,0,100,,5802,23,0,65 2 64,0,100,,5796,23,0,65 2 64,0,100,,5801,23,0,65 2 64,0,100,,5799,23,0,65 2 64,0,100,,5804,23,0,65 2 64,0,100,,5795,23,0,65 2 64,0,100,,5800,23,0,65 2 64,0
301,'4',537,,5825,23,0,65 2 64,0,70,,567,23,0,65 2 64,0,30,,5810,23,0,65 2 64,0,70,,5820,23,0,65 2 64,0,30,,3706,23,0,65 2 64,0,70,,5808,23,0,65 2 64,0,30,,5828,23,0,65 2 64,0,70,,5830,23,0,65 2 64,0,30,,5822,23,0,65 2 64,0,70,,5833,23,0,65 2 64,0,30,,5819,23,0,65 2 64,0,70,,5812,23,0,65 2 64,0,30,,5807,23,0,65 2 64,0,70,,5816,23,0,65 2 64,0,30,,5827,23,0,65 2 64,0,70,,2111,23,0,65 2 64,0,30,,5814,23,0,65 2 64,0,70,,5811,23,0,65 2 64,0,30,,5823,23,0,65 2 64,0,70,,3046,23,0,65 2 64,0,30,,4394,23,0,65 2 64,0,70,,5826,23,0,65 2 64,0,30,,5824,23,0,65 2 64,0,70,,5831,23,0,65 2 64,0,30,,5815,23,0,65 2 64,0,70,,5829,23,0,65 2 64,0,30,,5809,23,0,65 2 64,0,70,,5832,23,0,65 2 64,0,30,,5821,23,0,65 2 64,0,70,,5813,23,0,65 2 64,0,30,,5818,23,0,65 2 64,0,100,,5806,23,0,65 2 64,0,100,,4319,23,0,65 2 64,0,100,,5817,23,0,65 2 64,0
1101,'1',550,,6236,48,0,5 2 6 7,0,70,,4633,48,0,5 2 6 7,0,30,,6228,48,0,5 2 6 7,0,70,,6239,48,0,5 2 6 7,0,30,,6232,48,0,5 2 6 7,0,70,,6244,48,0,5 2 6 7,0,30,,6246,48,0,5 2 6 7,0,70,,6230,48,0,5 2 6 7,0,30,,6231,48,0,5 2 6 7,0,70,,6245,48,0,5 2 6 7,0,30,,592,48,0,5 2 6 7,0,70,,6224,48,0,5 2 6 7,0,30,,6238,48,0,5 2 6 7,0,70,,3497,48,0,5 2 6 7,0,30,,6243,48,0,5 2 6 7,0,70,,2933,48,0,5 2 6 7,0,30,,6241,48,0,5 2 6 7,0,70,,6237,48,0,5 2 6 7,0,30,,6242,48,0,5 2 6 7,0,70,,6233,48,0,5 2 6 7,0,30,,4226,48,0,5 2 6 7,0,70,,6226,48,0,5 2 6 7,0,30,,6240,48,0,5 2 6 7,0,70,,6234,48,0,5 2 6 7,0,30,,6227,48,0,5 2 6 7,0,70,,6229,48,0,5 2 6 7,0,30,,6235,48,0,5 2 6 7,0,70,,6225,48,0,5 2 6 7,0,30,,3381,48,0,5 2 6 7,0
1101,'2',550,,6262,48,0,5 2 6 7,0,70,,6264,48,0,5 2 6 7,0,30,,6261,48,0,5 2 6 7,0,70,,5162,48,0,5 2 6 7,0,30,,6248,48,0,5 2 6 7,0,70,,6255,48,0,5 2 6 7,0,30,,6260,48,0,5 2 6 7,0,70,,6254,48,0,5 2 6 7,0,30,,5275,48,0,5 2 6 7,0,70,,6265,48,0,5 2 6 7,0,30,,4494,48,0,5 2 6 7,0,70,,6250,48,0,5 2 6 7,0,30,,6263,48,0,5 2 6 7,0,70,,4953,48,0,5 2 6 7,0,30,,6257,48,0,5 2 6 7,0,70,,6267,48,0,5 2 6 7,0,30,,5113,48,0,5 2 6 7,0,70,,3023,48,0,5 2 6 7,0,30,,2331,48,0,5 2 6 7,0,70,,6249,48,0,5 2 6 7,0,30,,6256,48,0,5 2 6 7,0,70,,6258,48,0,5 2 6 7,0,30,,4121,48,0,5 2 6 7,0,70,,6247,48,0,5 2 6 7,0,30,,6266,48,0,5 2 6 7,0,70,,6251,48,0,5 2 6 7,0,30,,6252,48,0,5 2 6 7,0,70,,6253,48,0,5 2 6 7,0,30,,6259,48,0,5 2 6 7,0
1101,'3',850,,6268,48,0,5 2 6 7,0,100,,6273,48,0,5 2 6 7,0,100,,6270,48,0,5 2 6 7,0,100,,6276,48,0,5 2 6 7,0,100,,4251,48,0,5 2 6 7,0,100,,6272,48,0,5 2 6 7,0,100,,6274,48,0,5 2 6 7,0,100,,4790,48,0,5 2 6 7,0,100,,6271,48,0,5 2 6 7,0,100,,3805,48,0,5 2 6 7,0,100,,6275,48,0,5 2 6 7,0,100,,6269,48,0,5 2 6 7,0
1101,'4',550,,6284,48,0,5 2 6 7,0,70,,6279,48,0,5 2 6 7,0,30,,2470,48,0,5 2 6 7,0,70,,1109,48,0,5 2 6 7,0,30,,3646,48,0,5 2 6 7,0,70,,6282,48,0,5 2 6 7,0,30,,6285,48,0,5 2 6 7,0,70,,6278,48,0,5 2 6 7,0,30,,6294,48,0,5 2 6 7,0,70,,4603,48,0,5 2 6 7,0,30,,6290,48,0,5 2 6 7,0,70,,6280,48,0,5 2 6 7,0,30,,1560,48,0,5 2 6 7,0,70,,6277,48,0,5 2 6 7,0,30,,6288,48,0,5 2 6 7,0,70,,6291,48,0,5 2 6 7,0,30,,3641,48,0,5 2 6 7,0,70,,6286,48,0,5 2 6 7,0,30,,6283,48,0,5 2 6 7,0,70,,4538,48,0,5 2 6 7,0,30,,6293,48,0,5 2 6 7,0,70,,6289,48,0,5 2 6 7,0,30,,5141,48,0,5 2 6 7,0,70,,3256,48,0,5 2 6 7,0,30,,3178,48,0,5 2 6 7,0,70,,6287,48,0,5 2 6 7,0,30,,4819,48,0,5 2 6 7,0,70,,6292,48,0,5 2 6 7,0,30,,6281,48,0,5 2 6 7,0
1200,'1',707,,4144,10,0,68 69,0,30,,6296,10,0,68 69,0,70,,6298,10,0,68 69,0,30,,6297,10,0,68 69,0,70,,4566,10,0,68 69,0,30,,4053,10,0,68 69,0,70,,6299,10,0,68 69,0,30,,4070,10,0,68 69,0,70,,3380,10,0,68 69,0,30,,4630,10,0,68 69,0,70,,6295,10,0,68 69,0,30,,3767,10,0,68 69,0,70,,6312,10,0,68 69,0,30,,6309,10,0,68 69,0,70,,6302,10,0,68 69,0,30,,6303,10,0,68 69,0,70,,5005,10,0,68 69,0,30,,6313,10,0,68 69,0,70,,2257,10,0,68 69,0,30,,2389,10,0,68 69,0,70,,4687,10,0,68 69,0,30,,6305,10,0,68 69,0,70,,6310,10,0,68 69,0,30,,4508,10,0,68 69,0,70,,4058,10,0,68 69,0,30,,6306,10,0,68 69,0,70,,6304,10,0,68 69,0,30,,6308,10,0,68 69,0,70,,6300,10,0,68 69,0,30,,6301,10,0,68 69,0,70,,6311,10,0,68 69,0,30,,6307,10,0,68 69,0,70,,2584,10,0,68 69,0
1200,'2',707,,4671,10,0,68 69,0,30,,6326,10,0,68 69,0,70,,6331,10,0,68 69,0,30,,6317,10,0,68 69,0,70,,861,10,0,68 69,0,30,,4350,10,0,68 69,0,70,,6324,10,0,68 69,0,30,,6333,10,0,68 69,0,70,,6323,10,0,68 69,0,30,,6314,10,0,68 69,0,70,,1806,10,0,68 69,0,30,,6316,10,0,68 69,0,70,,6321,10,0,68 69,0,30,,4215,10,0,68 69,0,70,,6328,10,0,68 69,0,30,,6320,10,0,68 69,0,70,,6330,10,0,68 69,0,30,,5238,10,0,68 69,0,70,,6332,10,0,68 69,0,30,,6327,10,0,68 69,0,70,,5199,10,0,68 69,0,30,,6334,10,0,68 69,0,70,,5277,10,0,68 69,0,30,,4120,10,0,68 69,0,70,,4490,10,0,68 69,0,30,,6319,10,0,68 69,0,70,,6315,10,0,68 69,0,30,,6325,10,0,68 69,0,70,,6329,10,0,68 69,0,30,,1956,10,0,68 69,0,70,,6322,10,0,68 69,0,30,,6318,10,0,68 69,0,70,,5163,10,0,68 69,0
1200,'3',807,,4247,10,0,68 69,0,30,,6354,10,0,68 69,0,70,,6339,10,0,68 69,0,30,,6340,10,0,68 69,0,70,,6344,10,0,68 69,0,30,,6348,10,0,68 69,0,70,,6350,10,0,68 69,0,30,,6338,10,0,68 69,0,70,,6353,10,0,68 69,0,30,,6351,10,0,68 69,0,70,,4380,10,0,68 69,0,30,,6349,10,0,68 69,0,70,,6341,10,0,68 69,0,30,,2700,10,0,68 69,0,70,,3916,10,0,68 69,0,30,,6337,10,0,68 69,0,70,,4308,10,0,68 69,0,30,,3997,10,0,68 69,0,70,,4726,10,0,68 69,0,30,,6347,10,0,68 69,0,70,,6346,10,0,68 69,0,30,,6343,10,0,68 69,0,70,,6352,10,0,68 69,0,30,,6335,10,0,68 69,0,70,,6342,10,0,68 69,0,30,,6345,10,0,68 69,0,70,,6336,10,0,68 69,0
1200,'4',707,,6366,10,0,68 69,0,30,,6370,10,0,68 69,0,70,,4743,10,0,68 69,0,30,,6372,10,0,68 69,0,70,,6363,10,0,68 69,0,30,,6362,10,0,68 69,0,70,,6359,10,0,68 69,0,30,,6365,10,0,68 69,0,70,,6374,10,0,68 69,0,30,,6378,10,0,68 69,0,70,,6367,10,0,68 69,0,30,,6355,10,0,68 69,0,70,,6357,10,0,68 69,0,30,,6368,10,0,68 69,0,70,,6380,10,0,68 69,0,30,,4182,10,0,68 69,0,70,,1670,10,0,68 69,0,30,,6375,10,0,68 69,0,70,,6376,10,0,68 69,0,30,,6356,10,0,68 69,0,70,,6361,10,0,68 69,0,30,,6358,10,0,68 69,0,70,,6371,10,0,68 69,0,30,,5029,10,0,68 69,0,70,,6379,10,0,68 69,0,30,,3712,10,0,68 69,0,70,,6360,10,0,68 69,0,30,,6377,10,0,68 69,0,70,,6364,10,0,68 69,0,30,,4464,10,0,68 69,0,70,,5040,10,0,68 69,0,30,,6373,10,0,68 69,0,70,,6369,10,0,68 69,0
1301,'1',541,,6546,25,0,63 11 2 64 2 20,0,70,,5183,25,0,63 11 2 64 2 20,0,30,,6548,25,0,63 11 2 64 2 20,0,70,,6558,25,0,63 11 2 64 2 20,0,30,,6547,25,0,63 11 2 64 2 20,0,70,,6557,25,0,63 11 2 64 2 20,0,30,,6545,25,0,63 11 2 64 2 20,0,70,,4854,25,0,63 11 2 64 2 20,0,30,,6556,25,0,63 11 2 64 2 20,0,70,,2324,25,0,63 11 2 64 2 20,0,100,,6554,25,0,63 11 2 64 2 20,0,100,,6552,25,0,63 11 2 64 2 20,0,100,,6560,25,0,63 11 2 64 2 20,0,100,,6551,25,0,63 11 2 64 2 20,0,100,,6549,25,0,63 11 2 64 2 20,0,30,,4299,25,0,63 11 2 64 2 20,0,70,,6550,25,0,63 11 2 64 2 20,0,30,,6555,25,0,63 11 2 64 2 20,0,70,,1035,25,0,63 11 2 64 2 20,0,30,,6562,25,0,63 11 2 64 2 20,0,70,,6561,25,0,63 11 2 64 2 20,0,30,,6553,25,0,63 11 2 64 2 20,0,70,,6559,25,0,63 11 2 64 2 20,0,30,,5192,25,0,63 11 2 64 2 20,0,70,,5216,25,0,63 11 2 64 2 20,0
1301,'2',541,,6575,25,0,63 11 2 64 2 20,0,70,,6576,25,0,63 11 2 64 2 20,0,30,,6571,25,0,63 11 2 64 2 20,0,70,,6572,25,0,63 11 2 64 2 20,0,30,,6579,25,0,63 11 2 64 2 20,0,70,,6569,25,0,63 11 2 64 2 20,0,30,,4758,25,0,63 11 2 64 2 20,0,70,,6566,25,0,63 11 2 64 2 20,0,30,,4285,25,0,63 11 2 64 2 20,0,70,,6581,25,0,63 11 2 64 2 20,0,100,,6567,25,0,63 11 2 64 2 20,0,100,,6565,25,0,63 11 2 64 2 20,0,100,,4477,25,0,63 11 2 64 2 20,0,100,,6573,25,0,63 11 2 64 2 20,0,100,,6570,25,0,63 11 2 64 2 20,0,30,,6563,25,0,63 11 2 64 2 20,0,70,,6568,25,0,63 11 2 64 2 20,0,30,,3956,25,0,63 11 2 64 2 20,0,70,,6578,25,0,63 11 2 64 2 20,0,30,,6577,25,0,63 11 2 64 2 20,0,70,,4288,25,0,63 11 2 64 2 20,0,30,,3221,25,0,63 11 2 64 2 20,0,70,,6580,25,0,63 11 2 64 2 20,0,30,,6574,25,0,63 11 2 64 2 20,0,70,,6564,25,0,63 11 2 64 2 20,0
1301,'3',841,,6588,25,0,63 11 2 64 2 20,0,100,,6586,25,0,63 11 2 64 2 20,0,100,,6590,25,0,63 11 2 64 2 20,0,100,,6585,25,0,63 11 2 64 2 20,0,100,,6584,25,0,63 11 2 64 2 20,0,100,,4711,25,0,63 11 2 64 2 20,0,100,,4972,25,0,63 11 2 64 2 20,0,100,,6589,25,0,63 11 2 64 2 20,0,100,,6587,25,0,63 11 2 64 2 20,0,100,,6583,25,0,63 11 2 64 2 20,0,100,,3996,25,0,63 11 2 64 2 20,0,100,,6582,25,0,63 11 2 64 2 20,0
1301,'4',541,,4324,25,0,63 11 2 64 2 20,0,70,,6591,25,0,63 11 2 64 2 20,0,30,,6596,25,0,63 11 2 64 2 20,0,70,,6607,25,0,63 11 2 64 2 20,0,30,,6598,25,0,63 11 2 64 2 20,0,70,,6608,25,0,63 11 2 64 2 20,0,30,,6604,25,0,63 11 2 64 2 20,0,70,,6601,25,0,63 11 2 64 2 20,0,30,,6603,25,0,63 11 2 64 2 20,0,70,,6599,25,0,63 11 2 64 2 20,0,100,,5094,25,0,63 11 2 64 2 20,0,100,,6594,25,0,63 11 2 64 2 20,0,100,,6592,25,0,63 11 2 64 2 20,0,100,,3839,25,0,63 11 2 64 2 20,0,100,,6602,25,0,63 11 2 64 2 20,0,30,,6609,25,0,63 11 2 64 2 20,0,70,,1316,25,0,63 11 2 64 2 20,0,30,,6600,25,0,63 11 2 64 2 20,0,70,,6593,25,0,63 11 2 64 2 20,0,30,,6606,25,0,63 11 2 64 2 20,0,70,,1126,25,0,63 11 2 64 2 20,0,30,,6597,25,0,63 11 2 64 2 20,0,70,,6605,25,0,63 11 2 64 2 20,0,30,,4814,25,0,63 11 2 64 2 20,0,70,,6595,25,0,63 11 2 64 2 20,0
15100,'1',1602,,6973,24,0,20,0
15101,'1',823,,6974,12,0,75 1 76,0
