201,'1',538,,5578,42,0,18,0,70,,5585,42,0,18,0,30,,4691,42,0,18,0,70,,5594,42,0,18,0,30,,5584,42,0,18,0,70,,5598,42,0,18,0,30,,599,42,0,18,0,70,,5599,42,0,18,0,30,,5596,42,0,18,0,70,,588,42,0,18,0,30,,5125,42,0,18,0,70,,5586,42,0,18,0,30,,5595,42,0,18,0,70,,3081,42,0,18,0,30,,4150,42,0,18,0,70,,5600,42,0,18,0,30,,5591,42,0,18,0,70,,5592,42,0,18,0,30,,4572,42,0,18,0,70,,2321,42,0,18,0,30,,5588,42,0,18,0,70,,5601,42,0,18,0,30,,5583,42,0,18,0,70,,5597,42,0,18,0,30,,5582,42,0,18,0,70,,5580,42,0,18,0,30,,5587,42,0,18,0,70,,5590,42,0,18,0,30,,2997,42,0,18,0,70,,5579,42,0,18,0,30,,5593,42,0,18,0,70,,5581,42,0,18,0,30,,5589,42,0,18,0,70,,5602,42,0,18,0,30,,5577,42,0,18,0,70,,5603,42,0,18,0
201,'2',538,,4557,42,0,18,0,70,,5623,42,0,18,0,30,,4672,42,0,18,0,70,,5630,42,0,18,0,30,,5244,42,0,18,0,70,,5611,42,0,18,0,30,,3571,42,0,18,0,70,,5616,42,0,18,0,30,,5625,42,0,18,0,70,,5629,42,0,18,0,30,,5609,42,0,18,0,70,,5627,42,0,18,0,30,,4547,42,0,18,0,70,,5617,42,0,18,0,30,,5618,42,0,18,0,70,,5621,42,0,18,0,30,,5610,42,0,18,0,70,,5615,42,0,18,0,30,,5622,42,0,18,0,70,,5619,42,0,18,0,30,,5613,42,0,18,0,70,,4273,42,0,18,0,30,,5626,42,0,18,0,70,,5628,42,0,18,0,30,,5614,42,0,18,0,70,,4028,42,0,18,0,30,,5604,42,0,18,0,70,,5605,42,0,18,0,30,,251,42,0,18,0,70,,5608,42,0,18,0,30,,5607,42,0,18,0,70,,5624,42,0,18,0,30,,3626,42,0,18,0,70,,5620,42,0,18,0,30,,5606,42,0,18,0,70,,5612,42,0,18,0
201,'3',838,,5640,42,0,18,0,70,,5633,42,0,18,0,30,,5133,42,0,18,0,70,,5645,42,0,18,0,30,,5631,42,0,18,0,70,,5136,42,0,18,0,30,,5651,42,0,18,0,70,,5635,42,0,18,0,30,,5636,42,0,18,0,70,,5634,42,0,18,0,30,,5632,42,0,18,0,70,,5647,42,0,18,0,30,,5639,42,0,18,0,70,,5650,42,0,18,0,30,,5642,42,0,18,0,70,,5638,42,0,18,0,30,,5646,42,0,18,0,70,,5644,42,0,18,0,30,,5637,42,0,18,0,70,,5649,42,0,18,0,30,,5643,42,0,18,0,70,,5648,42,0,18,0,30,,5641,42,0,18,0,70,,1538,42,0,18,0
201,'4',538,,3823,42,0,18,0,70,,5663,42,0,18,0,30,,3060,42,0,18,0,70,,5657,42,0,18,0,30,,5668,42,0,18,0,70,,5661,42,0,18,0,30,,1303,42,0,18,0,70,,5144,42,0,18,0,30,,4533,42,0,18,0,70,,5659,42,0,18,0,30,,5664,42,0,18,0,70,,5674,42,0,18,0,30,,5666,42,0,18,0,70,,5675,42,0,18,0,30,,5671,42,0,18,0,70,,5038,42,0,18,0,30,,5655,42,0,18,0,70,,5653,42,0,18,0,30,,5652,42,0,18,0,70,,2465,42,0,18,0,30,,5658,42,0,18,0,70,,5669,42,0,18,0,30,,4400,42,0,18,0,70,,5676,42,0,18,0,30,,5670,42,0,18,0,70,,5149,42,0,18,0,30,,5656,42,0,18,0,70,,5672,42,0,18,0,30,,3272,42,0,18,0,70,,4335,42,0,18,0,30,,5660,42,0,18,0,70,,5673,42,0,18,0,30,,5654,42,0,18,0,70,,5667,42,0,18,0,30,,5662,42,0,18,0,70,,5665,42,0,18,0
301,'1',536,,5748,22,0,65 2 64,0,70,,4629,22,0,65 2 64,0,30,,5759,22,0,65 2 64,0,70,,5767,22,0,65 2 64,0,30,,5753,22,0,65 2 64,0,70,,5745,22,0,65 2 64,0,30,,5770,22,0,65 2 64,0,70,,5747,22,0,65 2 64,0,30,,4500,22,0,65 2 64,0,70,,3009,22,0,65 2 64,0,30,,5746,22,0,65 2 64,0,70,,5766,22,0,65 2 64,0,30,,2239,22,0,65 2 64,0,70,,3878,22,0,65 2 64,0,30,,5749,22,0,65 2 64,0,70,,5769,22,0,65 2 64,0,30,,5755,22,0,65 2 64,0,70,,5768,22,0,65 2 64,0,30,,5752,22,0,65 2 64,0,70,,5763,22,0,65 2 64,0,30,,5758,22,0,65 2 64,0,70,,5765,22,0,65 2 64,0,30,,3190,22,0,65 2 64,0,70,,5760,22,0,65 2 64,0,30,,5757,22,0,65 2 64,0,70,,5744,22,0,65 2 64,0,30,,5756,22,0,65 2 64,0,70,,5750,22,0,65 2 64,0,30,,5762,22,0,65 2 64,0,70,,3969,22,0,65 2 64,0,30,,5761,22,0,65 2 64,0,100,,5764,22,0,65 2 64,0,100,,5754,22,0,65 2 64,0,100,,5751,22,0,65 2 64,0
301,'2',536,,5777,22,0,65 2 64,0,70,,5793,22,0,65 2 64,0,30,,5785,22,0,65 2 64,0,70,,5790,22,0,65 2 64,0,30,,5786,22,0,65 2 64,0,70,,3951,22,0,65 2 64,0,30,,5780,22,0,65 2 64,0,70,,5789,22,0,65 2 64,0,30,,5787,22,0,65 2 64,0,70,,5781,22,0,65 2 64,0,30,,5782,22,0,65 2 64,0,70,,5778,22,0,65 2 64,0,30,,5792,22,0,65 2 64,0,70,,4754,22,0,65 2 64,0,30,,5771,22,0,65 2 64,0,70,,3558,22,0,65 2 64,0,30,,4606,22,0,65 2 64,0,70,,5774,22,0,65 2 64,0,30,,5779,22,0,65 2 64,0,70,,2752,22,0,65 2 64,0,30,,5784,22,0,65 2 64,0,70,,5772,22,0,65 2 64,0,30,,3393,22,0,65 2 64,0,70,,5773,22,0,65 2 64,0,30,,4546,22,0,65 2 64,0,70,,5776,22,0,65 2 64,0,30,,5775,22,0,65 2 64,0,70,,5198,22,0,65 2 64,0,30,,4136,22,0,65 2 64,0,70,,5783,22,0,65 2 64,0,30,,5232,22,0,65 2 64,0,100,,5788,22,0,65 2 64,0,100,,5791,22,0,65 2 64,0,100,,5794,22,0,65 2 64,0
301,'3',836,,5798,22,0,65 2 64,0,100,,5805,22,0,65 2 64,0,100,,4712,22,0,65 2 64,0,100,,5797,22,0,65 2 64,0,100,,5803,22,0,65 2 64,0,100,,5802,22,0,65 2 64,0,100,,5796,22,0,65 2 64,0,100,,5801,22,0,65 2 64,0,100,,5799,22,0,65 2 64,0,100,,5804,22,0,65 2 64,0,100,,5795,22,0,65 2 64,0,100,,5800,22,0,65 2 64,0
301,'4',536,,5825,22,0,65 2 64,0,70,,567,22,0,65 2 64,0,30,,5810,22,0,65 2 64,0,70,,5820,22,0,65 2 64,0,30,,3706,22,0,65 2 64,0,70,,5808,22,0,65 2 64,0,30,,5828,22,0,65 2 64,0,70,,5830,22,0,65 2 64,0,30,,5822,22,0,65 2 64,0,70,,5833,22,0,65 2 64,0,30,,5819,22,0,65 2 64,0,70,,5812,22,0,65 2 64,0,30,,5807,22,0,65 2 64,0,70,,5816,22,0,65 2 64,0,30,,5827,22,0,65 2 64,0,70,,2111,22,0,65 2 64,0,30,,5814,22,0,65 2 64,0,70,,5811,22,0,65 2 64,0,30,,5823,22,0,65 2 64,0,70,,3046,22,0,65 2 64,0,30,,4394,22,0,65 2 64,0,70,,5826,22,0,65 2 64,0,30,,5824,22,0,65 2 64,0,70,,5831,22,0,65 2 64,0,30,,5815,22,0,65 2 64,0,70,,5829,22,0,65 2 64,0,30,,5809,22,0,65 2 64,0,70,,5832,22,0,65 2 64,0,30,,5821,22,0,65 2 64,0,70,,5813,22,0,65 2 64,0,30,,5818,22,0,65 2 64,0,100,,5806,22,0,65 2 64,0,100,,4319,22,0,65 2 64,0,100,,5817,22,0,65 2 64,0
1101,'1',549,,6236,47,0,5 2 6 7,0,70,,4633,47,0,5 2 6 7,0,30,,6228,47,0,5 2 6 7,0,70,,6239,47,0,5 2 6 7,0,30,,6232,47,0,5 2 6 7,0,70,,6244,47,0,5 2 6 7,0,30,,6246,47,0,5 2 6 7,0,70,,6230,47,0,5 2 6 7,0,30,,6231,47,0,5 2 6 7,0,70,,6245,47,0,5 2 6 7,0,30,,592,47,0,5 2 6 7,0,70,,6224,47,0,5 2 6 7,0,30,,6238,47,0,5 2 6 7,0,70,,3497,47,0,5 2 6 7,0,30,,6243,47,0,5 2 6 7,0,70,,2933,47,0,5 2 6 7,0,30,,6241,47,0,5 2 6 7,0,70,,6237,47,0,5 2 6 7,0,30,,6242,47,0,5 2 6 7,0,70,,6233,47,0,5 2 6 7,0,30,,4226,47,0,5 2 6 7,0,70,,6226,47,0,5 2 6 7,0,30,,6240,47,0,5 2 6 7,0,70,,6234,47,0,5 2 6 7,0,30,,6227,47,0,5 2 6 7,0,70,,6229,47,0,5 2 6 7,0,30,,6235,47,0,5 2 6 7,0,70,,6225,47,0,5 2 6 7,0,30,,3381,47,0,5 2 6 7,0
1101,'2',549,,6262,47,0,5 2 6 7,0,70,,6264,47,0,5 2 6 7,0,30,,6261,47,0,5 2 6 7,0,70,,5162,47,0,5 2 6 7,0,30,,6248,47,0,5 2 6 7,0,70,,6255,47,0,5 2 6 7,0,30,,6260,47,0,5 2 6 7,0,70,,6254,47,0,5 2 6 7,0,30,,5275,47,0,5 2 6 7,0,70,,6265,47,0,5 2 6 7,0,30,,4494,47,0,5 2 6 7,0,70,,6250,47,0,5 2 6 7,0,30,,6263,47,0,5 2 6 7,0,70,,4953,47,0,5 2 6 7,0,30,,6257,47,0,5 2 6 7,0,70,,6267,47,0,5 2 6 7,0,30,,5113,47,0,5 2 6 7,0,70,,3023,47,0,5 2 6 7,0,30,,2331,47,0,5 2 6 7,0,70,,6249,47,0,5 2 6 7,0,30,,6256,47,0,5 2 6 7,0,70,,6258,47,0,5 2 6 7,0,30,,4121,47,0,5 2 6 7,0,70,,6247,47,0,5 2 6 7,0,30,,6266,47,0,5 2 6 7,0,70,,6251,47,0,5 2 6 7,0,30,,6252,47,0,5 2 6 7,0,70,,6253,47,0,5 2 6 7,0,30,,6259,47,0,5 2 6 7,0
1101,'3',849,,6268,47,0,5 2 6 7,0,100,,6273,47,0,5 2 6 7,0,100,,6270,47,0,5 2 6 7,0,100,,6276,47,0,5 2 6 7,0,100,,4251,47,0,5 2 6 7,0,100,,6272,47,0,5 2 6 7,0,100,,6274,47,0,5 2 6 7,0,100,,4790,47,0,5 2 6 7,0,100,,6271,47,0,5 2 6 7,0,100,,3805,47,0,5 2 6 7,0,100,,6275,47,0,5 2 6 7,0,100,,6269,47,0,5 2 6 7,0
1101,'4',549,,6284,47,0,5 2 6 7,0,70,,6279,47,0,5 2 6 7,0,30,,2470,47,0,5 2 6 7,0,70,,1109,47,0,5 2 6 7,0,30,,3646,47,0,5 2 6 7,0,70,,6282,47,0,5 2 6 7,0,30,,6285,47,0,5 2 6 7,0,70,,6278,47,0,5 2 6 7,0,30,,6294,47,0,5 2 6 7,0,70,,4603,47,0,5 2 6 7,0,30,,6290,47,0,5 2 6 7,0,70,,6280,47,0,5 2 6 7,0,30,,1560,47,0,5 2 6 7,0,70,,6277,47,0,5 2 6 7,0,30,,6288,47,0,5 2 6 7,0,70,,6291,47,0,5 2 6 7,0,30,,3641,47,0,5 2 6 7,0,70,,6286,47,0,5 2 6 7,0,30,,6283,47,0,5 2 6 7,0,70,,4538,47,0,5 2 6 7,0,30,,6293,47,0,5 2 6 7,0,70,,6289,47,0,5 2 6 7,0,30,,5141,47,0,5 2 6 7,0,70,,3256,47,0,5 2 6 7,0,30,,3178,47,0,5 2 6 7,0,70,,6287,47,0,5 2 6 7,0,30,,4819,47,0,5 2 6 7,0,70,,6292,47,0,5 2 6 7,0,30,,6281,47,0,5 2 6 7,0
1200,'1',706,,4144,9,0,68 69,0,30,,6296,9,0,68 69,0,70,,6298,9,0,68 69,0,30,,6297,9,0,68 69,0,70,,4566,9,0,68 69,0,30,,4053,9,0,68 69,0,70,,6299,9,0,68 69,0,30,,4070,9,0,68 69,0,70,,3380,9,0,68 69,0,30,,4630,9,0,68 69,0,70,,6295,9,0,68 69,0,30,,3767,9,0,68 69,0,70,,6312,9,0,68 69,0,30,,6309,9,0,68 69,0,70,,6302,9,0,68 69,0,30,,6303,9,0,68 69,0,70,,5005,9,0,68 69,0,30,,6313,9,0,68 69,0,70,,2257,9,0,68 69,0,30,,2389,9,0,68 69,0,70,,4687,9,0,68 69,0,30,,6305,9,0,68 69,0,70,,6310,9,0,68 69,0,30,,4508,9,0,68 69,0,70,,4058,9,0,68 69,0,30,,6306,9,0,68 69,0,70,,6304,9,0,68 69,0,30,,6308,9,0,68 69,0,70,,6300,9,0,68 69,0,30,,6301,9,0,68 69,0,70,,6311,9,0,68 69,0,30,,6307,9,0,68 69,0,70,,2584,9,0,68 69,0
1200,'2',706,,4671,9,0,68 69,0,30,,6326,9,0,68 69,0,70,,6331,9,0,68 69,0,30,,6317,9,0,68 69,0,70,,861,9,0,68 69,0,30,,4350,9,0,68 69,0,70,,6324,9,0,68 69,0,30,,6333,9,0,68 69,0,70,,6323,9,0,68 69,0,30,,6314,9,0,68 69,0,70,,1806,9,0,68 69,0,30,,6316,9,0,68 69,0,70,,6321,9,0,68 69,0,30,,4215,9,0,68 69,0,70,,6328,9,0,68 69,0,30,,6320,9,0,68 69,0,70,,6330,9,0,68 69,0,30,,5238,9,0,68 69,0,70,,6332,9,0,68 69,0,30,,6327,9,0,68 69,0,70,,5199,9,0,68 69,0,30,,6334,9,0,68 69,0,70,,5277,9,0,68 69,0,30,,4120,9,0,68 69,0,70,,4490,9,0,68 69,0,30,,6319,9,0,68 69,0,70,,6315,9,0,68 69,0,30,,6325,9,0,68 69,0,70,,6329,9,0,68 69,0,30,,1956,9,0,68 69,0,70,,6322,9,0,68 69,0,30,,6318,9,0,68 69,0,70,,5163,9,0,68 69,0
1200,'3',806,,4247,9,0,68 69,0,30,,6354,9,0,68 69,0,70,,6339,9,0,68 69,0,30,,6340,9,0,68 69,0,70,,6344,9,0,68 69,0,30,,6348,9,0,68 69,0,70,,6350,9,0,68 69,0,30,,6338,9,0,68 69,0,70,,6353,9,0,68 69,0,30,,6351,9,0,68 69,0,70,,4380,9,0,68 69,0,30,,6349,9,0,68 69,0,70,,6341,9,0,68 69,0,30,,2700,9,0,68 69,0,70,,3916,9,0,68 69,0,30,,6337,9,0,68 69,0,70,,4308,9,0,68 69,0,30,,3997,9,0,68 69,0,70,,4726,9,0,68 69,0,30,,6347,9,0,68 69,0,70,,6346,9,0,68 69,0,30,,6343,9,0,68 69,0,70,,6352,9,0,68 69,0,30,,6335,9,0,68 69,0,70,,6342,9,0,68 69,0,30,,6345,9,0,68 69,0,70,,6336,9,0,68 69,0
1200,'4',706,,6366,9,0,68 69,0,30,,6370,9,0,68 69,0,70,,4743,9,0,68 69,0,30,,6372,9,0,68 69,0,70,,6363,9,0,68 69,0,30,,6362,9,0,68 69,0,70,,6359,9,0,68 69,0,30,,6365,9,0,68 69,0,70,,6374,9,0,68 69,0,30,,6378,9,0,68 69,0,70,,6367,9,0,68 69,0,30,,6355,9,0,68 69,0,70,,6357,9,0,68 69,0,30,,6368,9,0,68 69,0,70,,6380,9,0,68 69,0,30,,4182,9,0,68 69,0,70,,1670,9,0,68 69,0,30,,6375,9,0,68 69,0,70,,6376,9,0,68 69,0,30,,6356,9,0,68 69,0,70,,6361,9,0,68 69,0,30,,6358,9,0,68 69,0,70,,6371,9,0,68 69,0,30,,5029,9,0,68 69,0,70,,6379,9,0,68 69,0,30,,3712,9,0,68 69,0,70,,6360,9,0,68 69,0,30,,6377,9,0,68 69,0,70,,6364,9,0,68 69,0,30,,4464,9,0,68 69,0,70,,5040,9,0,68 69,0,30,,6373,9,0,68 69,0,70,,6369,9,0,68 69,0
