1001,'1',527,,6082,15,0,32,0,30,,6083,15,0,32,0,70,,6088,15,0,32,0,30,,6077,15,0,32,0,70,,6085,15,0,32,0,30,,6086,15,0,32,0,70,,6080,15,0,32,0,30,,6074,15,0,32,0,70,,6081,15,0,32,0,30,,6078,15,0,32,0,70,,6072,15,0,32,0,30,,6068,15,0,32,0,70,,6073,15,0,32,0,30,,5123,15,0,32,0,70,,6070,15,0,32,0,30,,6075,15,0,32,0,70,,2649,15,0,32,0,30,,6092,15,0,32,0,70,,6089,15,0,32,0,30,,2325,15,0,32,0,70,,6071,15,0,32,0,30,,6091,15,0,32,0,70,,6076,15,0,32,0,30,,6090,15,0,32,0,70,,3495,15,0,32,0,30,,6087,15,0,32,0,70,,5229,15,0,32,0,30,,6079,15,0,32,0,70,,6084,15,0,32,0,30,,6069,15,0,32,0
1001,'2',527,,6103,15,0,32,0,30,,6111,15,0,32,0,70,,6113,15,0,32,0,30,,6097,15,0,32,0,70,,6112,15,0,32,0,30,,388,15,0,32,0,70,,6101,15,0,32,0,30,,6100,15,0,32,0,70,,6104,15,0,32,0,30,,4276,15,0,32,0,70,,4681,15,0,32,0,30,,6105,15,0,32,0,70,,6109,15,0,32,0,30,,4750,15,0,32,0,70,,5262,15,0,32,0,30,,6094,15,0,32,0,70,,4760,15,0,32,0,30,,6107,15,0,32,0,70,,6099,15,0,32,0,30,,6110,15,0,32,0,70,,2948,15,0,32,0,30,,6106,15,0,32,0,70,,1278,15,0,32,0,30,,6114,15,0,32,0,70,,6096,15,0,32,0,30,,6108,15,0,32,0,70,,6095,15,0,32,0,30,,6098,15,0,32,0,70,,6093,15,0,32,0,30,,6102,15,0,32,0
1001,'3',857,,6123,15,0,32,0,100,,6126,15,0,32,0,100,,6125,15,0,32,0,100,,6121,15,0,32,0,100,,6118,15,0,32,0,100,,6124,15,0,32,0,100,,6120,15,0,32,0,100,,6119,15,0,32,0,100,,6115,15,0,32,0,100,,6116,15,0,32,0,100,,6117,15,0,32,0,100,,6122,15,0,32,0
1001,'4',527,,4660,15,0,32,0,30,,6133,15,0,32,0,70,,6142,15,0,32,0,30,,6146,15,0,32,0,70,,6143,15,0,32,0,30,,6129,15,0,32,0,70,,6148,15,0,32,0,30,,6144,15,0,32,0,70,,159,15,0,32,0,30,,4736,15,0,32,0,70,,1996,15,0,32,0,30,,6137,15,0,32,0,70,,6139,15,0,32,0,30,,6138,15,0,32,0,70,,6140,15,0,32,0,30,,6127,15,0,32,0,70,,6141,15,0,32,0,30,,566,15,0,32,0,70,,6136,15,0,32,0,30,,6134,15,0,32,0,70,,6145,15,0,32,0,30,,6128,15,0,32,0,70,,4991,15,0,32,0,30,,6149,15,0,32,0,70,,6147,15,0,32,0,30,,6135,15,0,32,0,70,,6130,15,0,32,0,30,,6131,15,0,32,0,70,,4980,15,0,32,0,30,,6132,15,0,32,0
11101,'1',751,,4966,17,,,0
12001,'1',838,,6935,14,0,27 28,0
13501,'1',754,,6954,25,,,0
13701,'1',752,,6957,20,0,33,0
14000,'1',1559,,5008,7,0,24,0
15000,'1',1556,,6969,10,,,0
