13001,'1',755,,6945,2,4,,0,70,,6946,2,4,,0
13100,'1',1521,,6947,1,,,0
13101,'1',805,,6948,16,4,,0
13200,'1',1521,,6949,1,0,33,0
13201,'1',805,,3614,18,4,,0
13300,'1',1521,,75,1,,,0
13301,'1',800,,3601,18,4,,0
13400,'1',1516,,6950,1,,,0,5,,6951,1,,,0
13401,'1',800,,6952,15,4,,0
13500,'1',1521,,6953,1,0,98 99 25 26 3 25 36,0
13501,'1',805,,6954,30,4,,0
13600,'1',1521,,6955,1,0,94 91 95 10 11 16 3 17,0
13601,'1',800,,3774,30,4,,0
13700,'1',1521,,6956,1,0,100 10 11 31 3 27 16,0
13701,'1',800,,6957,25,4,,0
13800,'1',1521,,6958,1,,,0
13801,'1',800,,3549,23,4,,0
13900,'1',1521,,6959,1,,,0
13901,'1',800,,6960,24,4,,0
