300,'1',554,,5681,8,0,65 2 64,0,70,,5188,8,0,65 2 64,0,30,,5678,8,0,65 2 64,0,70,,5682,8,0,65 2 64,0,30,,5689,8,0,65 2 64,0,70,,5690,8,0,65 2 64,0,30,,4960,8,0,65 2 64,0,70,,3294,8,0,65 2 64,0,30,,5680,8,0,65 2 64,0,70,,2807,8,0,65 2 64,0,30,,2122,8,0,65 2 64,0,70,,2289,8,0,65 2 64,0,30,,2482,8,0,65 2 64,0,70,,5688,8,0,65 2 64,0,30,,5686,8,0,65 2 64,0,70,,5693,8,0,65 2 64,0,30,,3978,8,0,65 2 64,0,70,,2283,8,0,65 2 64,0,30,,5684,8,0,65 2 64,0,70,,5194,8,0,65 2 64,0,30,,5677,8,0,65 2 64,0,70,,3879,8,0,65 2 64,0,30,,5679,8,0,65 2 64,0,70,,5691,8,0,65 2 64,0,30,,5685,8,0,65 2 64,0,70,,2484,8,0,65 2 64,0,30,,2134,8,0,65 2 64,0,70,,5683,8,0,65 2 64,0,30,,2931,8,0,65 2 64,0,100,,5692,8,0,65 2 64,0,100,,4496,8,0,65 2 64,0,100,,5687,8,0,65 2 64,0
300,'2',554,,2509,8,0,65 2 64,0,70,,2885,8,0,65 2 64,0,30,,4129,8,0,65 2 64,0,70,,5711,8,0,65 2 64,0,30,,5697,8,0,65 2 64,0,70,,5703,8,0,65 2 64,0,30,,3861,8,0,65 2 64,0,70,,4748,8,0,65 2 64,0,30,,3229,8,0,65 2 64,0,70,,5706,8,0,65 2 64,0,30,,5704,8,0,65 2 64,0,70,,4033,8,0,65 2 64,0,30,,5695,8,0,65 2 64,0,70,,5709,8,0,65 2 64,0,30,,2767,8,0,65 2 64,0,70,,5705,8,0,65 2 64,0,30,,5701,8,0,65 2 64,0,70,,4424,8,0,65 2 64,0,30,,5698,8,0,65 2 64,0,70,,5702,8,0,65 2 64,0,30,,5707,8,0,65 2 64,0,70,,5699,8,0,65 2 64,0,30,,4039,8,0,65 2 64,0,70,,5708,8,0,65 2 64,0,30,,3754,8,0,65 2 64,0,70,,4138,8,0,65 2 64,0,30,,123,8,0,65 2 64,0,70,,5710,8,0,65 2 64,0,30,,5696,8,0,65 2 64,0,100,,5694,8,0,65 2 64,0,100,,3097,8,0,65 2 64,0,100,,5700,8,0,65 2 64,0
300,'3',854,,5721,8,0,65 2 64,0,100,,5712,8,0,65 2 64,0,100,,2973,8,0,65 2 64,0,100,,5713,8,0,65 2 64,0,100,,5722,8,0,65 2 64,0,100,,5716,8,0,65 2 64,0,100,,5720,8,0,65 2 64,0,100,,5718,8,0,65 2 64,0,100,,5715,8,0,65 2 64,0,100,,5714,8,0,65 2 64,0,100,,5719,8,0,65 2 64,0,100,,5717,8,0,65 2 64,0
300,'4',554,,3920,8,0,65 2 64,0,70,,5735,8,0,65 2 64,0,30,,5731,8,0,65 2 64,0,70,,4338,8,0,65 2 64,0,30,,3834,8,0,65 2 64,0,70,,4013,8,0,65 2 64,0,30,,5732,8,0,65 2 64,0,70,,5724,8,0,65 2 64,0,30,,5742,8,0,65 2 64,0,70,,5738,8,0,65 2 64,0,30,,5741,8,0,65 2 64,0,70,,4404,8,0,65 2 64,0,30,,5740,8,0,65 2 64,0,70,,3926,8,0,65 2 64,0,30,,5727,8,0,65 2 64,0,70,,5739,8,0,65 2 64,0,30,,5726,8,0,65 2 64,0,70,,5737,8,0,65 2 64,0,30,,5725,8,0,65 2 64,0,70,,5743,8,0,65 2 64,0,30,,4659,8,0,65 2 64,0,70,,5729,8,0,65 2 64,0,30,,5736,8,0,65 2 64,0,70,,5723,8,0,65 2 64,0,30,,5734,8,0,65 2 64,0,70,,2862,8,0,65 2 64,0,30,,5730,8,0,65 2 64,0,70,,5733,8,0,65 2 64,0,30,,5728,8,0,65 2 64,0,100,,3177,8,0,65 2 64,0,100,,4388,8,0,65 2 64,0,100,,4741,8,0,65 2 64,0
301,'1',530,,5748,16,0,65 2 64,0,70,,4629,16,0,65 2 64,0,30,,5759,16,0,65 2 64,0,70,,5767,16,0,65 2 64,0,30,,5753,16,0,65 2 64,0,70,,5745,16,0,65 2 64,0,30,,5770,16,0,65 2 64,0,70,,5747,16,0,65 2 64,0,30,,4500,16,0,65 2 64,0,70,,3009,16,0,65 2 64,0,30,,5746,16,0,65 2 64,0,70,,5766,16,0,65 2 64,0,30,,2239,16,0,65 2 64,0,70,,3878,16,0,65 2 64,0,30,,5749,16,0,65 2 64,0,70,,5769,16,0,65 2 64,0,30,,5755,16,0,65 2 64,0,70,,5768,16,0,65 2 64,0,30,,5752,16,0,65 2 64,0,70,,5763,16,0,65 2 64,0,30,,5758,16,0,65 2 64,0,70,,5765,16,0,65 2 64,0,30,,3190,16,0,65 2 64,0,70,,5760,16,0,65 2 64,0,30,,5757,16,0,65 2 64,0,70,,5744,16,0,65 2 64,0,30,,5756,16,0,65 2 64,0,70,,5750,16,0,65 2 64,0,30,,5762,16,0,65 2 64,0,70,,3969,16,0,65 2 64,0,30,,5761,16,0,65 2 64,0,100,,5764,16,0,65 2 64,0,100,,5754,16,0,65 2 64,0,100,,5751,16,0,65 2 64,0
301,'2',530,,5777,16,0,65 2 64,0,70,,5793,16,0,65 2 64,0,30,,5785,16,0,65 2 64,0,70,,5790,16,0,65 2 64,0,30,,5786,16,0,65 2 64,0,70,,3951,16,0,65 2 64,0,30,,5780,16,0,65 2 64,0,70,,5789,16,0,65 2 64,0,30,,5787,16,0,65 2 64,0,70,,5781,16,0,65 2 64,0,30,,5782,16,0,65 2 64,0,70,,5778,16,0,65 2 64,0,30,,5792,16,0,65 2 64,0,70,,4754,16,0,65 2 64,0,30,,5771,16,0,65 2 64,0,70,,3558,16,0,65 2 64,0,30,,4606,16,0,65 2 64,0,70,,5774,16,0,65 2 64,0,30,,5779,16,0,65 2 64,0,70,,2752,16,0,65 2 64,0,30,,5784,16,0,65 2 64,0,70,,5772,16,0,65 2 64,0,30,,3393,16,0,65 2 64,0,70,,5773,16,0,65 2 64,0,30,,4546,16,0,65 2 64,0,70,,5776,16,0,65 2 64,0,30,,5775,16,0,65 2 64,0,70,,5198,16,0,65 2 64,0,30,,4136,16,0,65 2 64,0,70,,5783,16,0,65 2 64,0,30,,5232,16,0,65 2 64,0,100,,5788,16,0,65 2 64,0,100,,5791,16,0,65 2 64,0,100,,5794,16,0,65 2 64,0
301,'3',830,,5798,16,0,65 2 64,0,100,,5805,16,0,65 2 64,0,100,,4712,16,0,65 2 64,0,100,,5797,16,0,65 2 64,0,100,,5803,16,0,65 2 64,0,100,,5802,16,0,65 2 64,0,100,,5796,16,0,65 2 64,0,100,,5801,16,0,65 2 64,0,100,,5799,16,0,65 2 64,0,100,,5804,16,0,65 2 64,0,100,,5795,16,0,65 2 64,0,100,,5800,16,0,65 2 64,0
301,'4',530,,5825,16,0,65 2 64,0,70,,567,16,0,65 2 64,0,30,,5810,16,0,65 2 64,0,70,,5820,16,0,65 2 64,0,30,,3706,16,0,65 2 64,0,70,,5808,16,0,65 2 64,0,30,,5828,16,0,65 2 64,0,70,,5830,16,0,65 2 64,0,30,,5822,16,0,65 2 64,0,70,,5833,16,0,65 2 64,0,30,,5819,16,0,65 2 64,0,70,,5812,16,0,65 2 64,0,30,,5807,16,0,65 2 64,0,70,,5816,16,0,65 2 64,0,30,,5827,16,0,65 2 64,0,70,,2111,16,0,65 2 64,0,30,,5814,16,0,65 2 64,0,70,,5811,16,0,65 2 64,0,30,,5823,16,0,65 2 64,0,70,,3046,16,0,65 2 64,0,30,,4394,16,0,65 2 64,0,70,,5826,16,0,65 2 64,0,30,,5824,16,0,65 2 64,0,70,,5831,16,0,65 2 64,0,30,,5815,16,0,65 2 64,0,70,,5829,16,0,65 2 64,0,30,,5809,16,0,65 2 64,0,70,,5832,16,0,65 2 64,0,30,,5821,16,0,65 2 64,0,70,,5813,16,0,65 2 64,0,30,,5818,16,0,65 2 64,0,100,,5806,16,0,65 2 64,0,100,,4319,16,0,65 2 64,0,100,,5817,16,0,65 2 64,0
1300,'1',524,,6496,7,0,63 11 2 64 2 20,0,30,,6485,7,0,63 11 2 64 2 20,0,70,,6488,7,0,63 11 2 64 2 20,0,30,,6497,7,0,63 11 2 64 2 20,0,70,,4370,7,0,63 11 2 64 2 20,0,30,,6492,7,0,63 11 2 64 2 20,0,70,,2574,7,0,63 11 2 64 2 20,0,30,,6487,7,0,63 11 2 64 2 20,0,70,,4441,7,0,63 11 2 64 2 20,0,30,,6498,7,0,63 11 2 64 2 20,0,70,,6495,7,0,63 11 2 64 2 20,0,100,,6494,7,0,63 11 2 64 2 20,0,100,,6493,7,0,63 11 2 64 2 20,0,100,,6486,7,0,63 11 2 64 2 20,0,100,,6484,7,0,63 11 2 64 2 20,0,100,,2736,7,0,63 11 2 64 2 20,0,30,,6491,7,0,63 11 2 64 2 20,0,70,,4778,7,0,63 11 2 64 2 20,0,30,,6490,7,0,63 11 2 64 2 20,0,70,,6500,7,0,63 11 2 64 2 20,0,30,,6499,7,0,63 11 2 64 2 20,0,70,,6489,7,0,63 11 2 64 2 20,0,30,,2405,7,0,63 11 2 64 2 20,0,70,,3499,7,0,63 11 2 64 2 20,0,30,,6483,7,0,63 11 2 64 2 20,0
1300,'2',524,,6515,7,0,63 11 2 64 2 20,0,30,,6508,7,0,63 11 2 64 2 20,0,70,,6511,7,0,63 11 2 64 2 20,0,30,,6512,7,0,63 11 2 64 2 20,0,70,,3939,7,0,63 11 2 64 2 20,0,30,,6502,7,0,63 11 2 64 2 20,0,70,,6507,7,0,63 11 2 64 2 20,0,30,,6517,7,0,63 11 2 64 2 20,0,70,,4675,7,0,63 11 2 64 2 20,0,30,,4277,7,0,63 11 2 64 2 20,0,70,,6509,7,0,63 11 2 64 2 20,0,100,,6516,7,0,63 11 2 64 2 20,0,100,,6504,7,0,63 11 2 64 2 20,0,100,,6506,7,0,63 11 2 64 2 20,0,100,,4611,7,0,63 11 2 64 2 20,0,100,,6513,7,0,63 11 2 64 2 20,0,30,,4035,7,0,63 11 2 64 2 20,0,70,,6518,7,0,63 11 2 64 2 20,0,30,,6501,7,0,63 11 2 64 2 20,0,70,,6514,7,0,63 11 2 64 2 20,0,30,,4617,7,0,63 11 2 64 2 20,0,70,,6510,7,0,63 11 2 64 2 20,0,30,,6503,7,0,63 11 2 64 2 20,0,70,,6505,7,0,63 11 2 64 2 20,0,30,,101,7,0,63 11 2 64 2 20,0
1300,'3',854,,6527,7,0,63 11 2 64 2 20,0,100,,6525,7,0,63 11 2 64 2 20,0,100,,6522,7,0,63 11 2 64 2 20,0,100,,6526,7,0,63 11 2 64 2 20,0,100,,6523,7,0,63 11 2 64 2 20,0,100,,6528,7,0,63 11 2 64 2 20,0,100,,6519,7,0,63 11 2 64 2 20,0,100,,4092,7,0,63 11 2 64 2 20,0,100,,6524,7,0,63 11 2 64 2 20,0,100,,6520,7,0,63 11 2 64 2 20,0,100,,6521,7,0,63 11 2 64 2 20,0,100,,4796,7,0,63 11 2 64 2 20,0
1300,'4',524,,5033,7,0,63 11 2 64 2 20,0,30,,6538,7,0,63 11 2 64 2 20,0,70,,6540,7,0,63 11 2 64 2 20,0,30,,3127,7,0,63 11 2 64 2 20,0,70,,3938,7,0,63 11 2 64 2 20,0,30,,4602,7,0,63 11 2 64 2 20,0,70,,6541,7,0,63 11 2 64 2 20,0,30,,3541,7,0,63 11 2 64 2 20,0,70,,4014,7,0,63 11 2 64 2 20,0,30,,6530,7,0,63 11 2 64 2 20,0,70,,6543,7,0,63 11 2 64 2 20,0,100,,6542,7,0,63 11 2 64 2 20,0,100,,6529,7,0,63 11 2 64 2 20,0,100,,2856,7,0,63 11 2 64 2 20,0,100,,6537,7,0,63 11 2 64 2 20,0,100,,6536,7,0,63 11 2 64 2 20,0,30,,6539,7,0,63 11 2 64 2 20,0,70,,6535,7,0,63 11 2 64 2 20,0,30,,6533,7,0,63 11 2 64 2 20,0,70,,6544,7,0,63 11 2 64 2 20,0,30,,6534,7,0,63 11 2 64 2 20,0,70,,448,7,0,63 11 2 64 2 20,0,30,,4402,7,0,63 11 2 64 2 20,0,70,,6532,7,0,63 11 2 64 2 20,0,30,,6531,7,0,63 11 2 64 2 20,0
1301,'1',530,,6546,13,0,63 11 2 64 2 20,0,70,,5183,13,0,63 11 2 64 2 20,0,30,,6548,13,0,63 11 2 64 2 20,0,70,,6558,13,0,63 11 2 64 2 20,0,30,,6547,13,0,63 11 2 64 2 20,0,70,,6557,13,0,63 11 2 64 2 20,0,30,,6545,13,0,63 11 2 64 2 20,0,70,,4854,13,0,63 11 2 64 2 20,0,30,,6556,13,0,63 11 2 64 2 20,0,70,,2324,13,0,63 11 2 64 2 20,0,100,,6554,13,0,63 11 2 64 2 20,0,100,,6552,13,0,63 11 2 64 2 20,0,100,,6560,13,0,63 11 2 64 2 20,0,100,,6551,13,0,63 11 2 64 2 20,0,100,,6549,13,0,63 11 2 64 2 20,0,30,,4299,13,0,63 11 2 64 2 20,0,70,,6550,13,0,63 11 2 64 2 20,0,30,,6555,13,0,63 11 2 64 2 20,0,70,,1035,13,0,63 11 2 64 2 20,0,30,,6562,13,0,63 11 2 64 2 20,0,70,,6561,13,0,63 11 2 64 2 20,0,30,,6553,13,0,63 11 2 64 2 20,0,70,,6559,13,0,63 11 2 64 2 20,0,30,,5192,13,0,63 11 2 64 2 20,0,70,,5216,13,0,63 11 2 64 2 20,0
1301,'2',530,,6575,13,0,63 11 2 64 2 20,0,70,,6576,13,0,63 11 2 64 2 20,0,30,,6571,13,0,63 11 2 64 2 20,0,70,,6572,13,0,63 11 2 64 2 20,0,30,,6579,13,0,63 11 2 64 2 20,0,70,,6569,13,0,63 11 2 64 2 20,0,30,,4758,13,0,63 11 2 64 2 20,0,70,,6566,13,0,63 11 2 64 2 20,0,30,,4285,13,0,63 11 2 64 2 20,0,70,,6581,13,0,63 11 2 64 2 20,0,100,,6567,13,0,63 11 2 64 2 20,0,100,,6565,13,0,63 11 2 64 2 20,0,100,,4477,13,0,63 11 2 64 2 20,0,100,,6573,13,0,63 11 2 64 2 20,0,100,,6570,13,0,63 11 2 64 2 20,0,30,,6563,13,0,63 11 2 64 2 20,0,70,,6568,13,0,63 11 2 64 2 20,0,30,,3956,13,0,63 11 2 64 2 20,0,70,,6578,13,0,63 11 2 64 2 20,0,30,,6577,13,0,63 11 2 64 2 20,0,70,,4288,13,0,63 11 2 64 2 20,0,30,,3221,13,0,63 11 2 64 2 20,0,70,,6580,13,0,63 11 2 64 2 20,0,30,,6574,13,0,63 11 2 64 2 20,0,70,,6564,13,0,63 11 2 64 2 20,0
1301,'3',830,,6588,13,0,63 11 2 64 2 20,0,100,,6586,13,0,63 11 2 64 2 20,0,100,,6590,13,0,63 11 2 64 2 20,0,100,,6585,13,0,63 11 2 64 2 20,0,100,,6584,13,0,63 11 2 64 2 20,0,100,,4711,13,0,63 11 2 64 2 20,0,100,,4972,13,0,63 11 2 64 2 20,0,100,,6589,13,0,63 11 2 64 2 20,0,100,,6587,13,0,63 11 2 64 2 20,0,100,,6583,13,0,63 11 2 64 2 20,0,100,,3996,13,0,63 11 2 64 2 20,0,100,,6582,13,0,63 11 2 64 2 20,0
1301,'4',530,,4324,13,0,63 11 2 64 2 20,0,70,,6591,13,0,63 11 2 64 2 20,0,30,,6596,13,0,63 11 2 64 2 20,0,70,,6607,13,0,63 11 2 64 2 20,0,30,,6598,13,0,63 11 2 64 2 20,0,70,,6608,13,0,63 11 2 64 2 20,0,30,,6604,13,0,63 11 2 64 2 20,0,70,,6601,13,0,63 11 2 64 2 20,0,30,,6603,13,0,63 11 2 64 2 20,0,70,,6599,13,0,63 11 2 64 2 20,0,100,,5094,13,0,63 11 2 64 2 20,0,100,,6594,13,0,63 11 2 64 2 20,0,100,,6592,13,0,63 11 2 64 2 20,0,100,,3839,13,0,63 11 2 64 2 20,0,100,,6602,13,0,63 11 2 64 2 20,0,30,,6609,13,0,63 11 2 64 2 20,0,70,,1316,13,0,63 11 2 64 2 20,0,30,,6600,13,0,63 11 2 64 2 20,0,70,,6593,13,0,63 11 2 64 2 20,0,30,,6606,13,0,63 11 2 64 2 20,0,70,,1126,13,0,63 11 2 64 2 20,0,30,,6597,13,0,63 11 2 64 2 20,0,70,,6605,13,0,63 11 2 64 2 20,0,30,,4814,13,0,63 11 2 64 2 20,0,70,,6595,13,0,63 11 2 64 2 20,0
