100,'1',2306,,4637,7,0,40 41 42 43,0
100,'2',2306,,5321,7,0,40 41 42 43,0
100,'4',2306,,4320,7,0,40 41 42 43,0
300,'1',608,,5681,24,0,65 2 64,0,30,,5188,24,0,65 2 64,0,70,,5678,24,0,65 2 64,0,30,,5682,24,0,65 2 64,0,70,,5689,24,0,65 2 64,0,30,,5690,24,0,65 2 64,0,70,,4960,24,0,65 2 64,0,30,,3294,24,0,65 2 64,0,70,,5680,24,0,65 2 64,0,30,,2807,24,0,65 2 64,0,70,,2122,24,0,65 2 64,0,30,,2289,24,0,65 2 64,0,70,,2482,24,0,65 2 64,0,30,,5688,24,0,65 2 64,0,70,,5686,24,0,65 2 64,0,30,,5693,24,0,65 2 64,0,70,,3978,24,0,65 2 64,0,30,,2283,24,0,65 2 64,0,70,,5684,24,0,65 2 64,0,30,,5194,24,0,65 2 64,0,74,,5677,24,0,65 2 64,0,26,,3879,24,0,65 2 64,0,70,,5679,24,0,65 2 64,0,30,,5691,24,0,65 2 64,0,70,,5685,24,0,65 2 64,0,30,,2484,24,0,65 2 64,0,70,,2134,24,0,65 2 64,0,30,,5683,24,0,65 2 64,0,70,,2931,24,0,65 2 64,0,100,,5692,24,0,65 2 64,0,100,,4496,24,0,65 2 64,0,100,,5687,24,0,65 2 64,0
300,'2',608,,2509,24,0,65 2 64,0,30,,2885,24,0,65 2 64,0,70,,4129,24,0,65 2 64,0,30,,5711,24,0,65 2 64,0,70,,5697,24,0,65 2 64,0,30,,5703,24,0,65 2 64,0,70,,3861,24,0,65 2 64,0,30,,4748,24,0,65 2 64,0,70,,3229,24,0,65 2 64,0,30,,5706,24,0,65 2 64,0,70,,5704,24,0,65 2 64,0,30,,4033,24,0,65 2 64,0,70,,5695,24,0,65 2 64,0,30,,5709,24,0,65 2 64,0,70,,2767,24,0,65 2 64,0,30,,5705,24,0,65 2 64,0,70,,5701,24,0,65 2 64,0,30,,4424,24,0,65 2 64,0,70,,5698,24,0,65 2 64,0,30,,5702,24,0,65 2 64,0,74,,5707,24,0,65 2 64,0,26,,5699,24,0,65 2 64,0,70,,4039,24,0,65 2 64,0,30,,5708,24,0,65 2 64,0,70,,3754,24,0,65 2 64,0,30,,4138,24,0,65 2 64,0,70,,123,24,0,65 2 64,0,30,,5710,24,0,65 2 64,0,70,,5696,24,0,65 2 64,0,100,,5694,24,0,65 2 64,0,100,,3097,24,0,65 2 64,0,100,,5700,24,0,65 2 64,0
300,'3',908,,5721,24,0,65 2 64,0,100,,5712,24,0,65 2 64,0,100,,2973,24,0,65 2 64,0,100,,5713,24,0,65 2 64,0,100,,5722,24,0,65 2 64,0,100,,5716,24,0,65 2 64,0,100,,5720,24,0,65 2 64,0,100,,5718,24,0,65 2 64,0,100,,5715,24,0,65 2 64,0,100,,5714,24,0,65 2 64,0,100,,5719,24,0,65 2 64,0,100,,5717,24,0,65 2 64,0
300,'4',608,,3920,24,0,65 2 64,0,30,,5735,24,0,65 2 64,0,70,,5731,24,0,65 2 64,0,30,,4338,24,0,65 2 64,0,70,,3834,24,0,65 2 64,0,30,,4013,24,0,65 2 64,0,70,,5732,24,0,65 2 64,0,30,,5724,24,0,65 2 64,0,70,,5742,24,0,65 2 64,0,30,,5738,24,0,65 2 64,0,70,,5741,24,0,65 2 64,0,30,,4404,24,0,65 2 64,0,70,,5740,24,0,65 2 64,0,30,,3926,24,0,65 2 64,0,70,,5727,24,0,65 2 64,0,30,,5739,24,0,65 2 64,0,70,,5726,24,0,65 2 64,0,30,,5737,24,0,65 2 64,0,70,,5725,24,0,65 2 64,0,30,,5743,24,0,65 2 64,0,70,,4659,24,0,65 2 64,0,30,,5729,24,0,65 2 64,0,70,,5736,24,0,65 2 64,0,30,,5723,24,0,65 2 64,0,70,,5734,24,0,65 2 64,0,30,,2862,24,0,65 2 64,0,70,,5730,24,0,65 2 64,0,30,,5733,24,0,65 2 64,0,70,,5728,24,0,65 2 64,0,100,,3177,24,0,65 2 64,0,100,,4388,24,0,65 2 64,0,100,,4741,24,0,65 2 64,0
13000,'1',1530,,6942,5,4,,0,5,,6944,5,4,,0
14000,'1',1610,,5008,12,4,,0
15000,'1',1610,,6969,15,4,,0
