201,'1',524,,5578,26,0,18,0,30,,5585,26,0,18,0,70,,4691,26,0,18,0,30,,5594,26,0,18,0,70,,5584,26,0,18,0,30,,5598,26,0,18,0,70,,599,26,0,18,0,30,,5599,26,0,18,0,70,,5596,26,0,18,0,30,,588,26,0,18,0,70,,5125,26,0,18,0,30,,5586,26,0,18,0,70,,5595,26,0,18,0,30,,3081,26,0,18,0,70,,4150,26,0,18,0,30,,5600,26,0,18,0,70,,5591,26,0,18,0,30,,5592,26,0,18,0,70,,4572,26,0,18,0,30,,2321,26,0,18,0,70,,5588,26,0,18,0,30,,5601,26,0,18,0,70,,5583,26,0,18,0,30,,5597,26,0,18,0,70,,5582,26,0,18,0,30,,5580,26,0,18,0,70,,5587,26,0,18,0,30,,5590,26,0,18,0,70,,2997,26,0,18,0,30,,5579,26,0,18,0,70,,5593,26,0,18,0,30,,5581,26,0,18,0,70,,5589,26,0,18,0,30,,5602,26,0,18,0,70,,5577,26,0,18,0,30,,5603,26,0,18,0
201,'2',524,,4557,26,0,18,0,30,,5623,26,0,18,0,70,,4672,26,0,18,0,30,,5630,26,0,18,0,70,,5244,26,0,18,0,30,,5611,26,0,18,0,70,,3571,26,0,18,0,30,,5616,26,0,18,0,70,,5625,26,0,18,0,30,,5629,26,0,18,0,70,,5609,26,0,18,0,30,,5627,26,0,18,0,70,,4547,26,0,18,0,30,,5617,26,0,18,0,70,,5618,26,0,18,0,30,,5621,26,0,18,0,70,,5610,26,0,18,0,30,,5615,26,0,18,0,70,,5622,26,0,18,0,30,,5619,26,0,18,0,70,,5613,26,0,18,0,30,,4273,26,0,18,0,70,,5626,26,0,18,0,30,,5628,26,0,18,0,70,,5614,26,0,18,0,30,,4028,26,0,18,0,70,,5604,26,0,18,0,30,,5605,26,0,18,0,70,,251,26,0,18,0,30,,5608,26,0,18,0,70,,5607,26,0,18,0,30,,5624,26,0,18,0,70,,3626,26,0,18,0,30,,5620,26,0,18,0,70,,5606,26,0,18,0,30,,5612,26,0,18,0
201,'3',824,,5640,26,0,18,0,30,,5633,26,0,18,0,70,,5133,26,0,18,0,30,,5645,26,0,18,0,70,,5631,26,0,18,0,30,,5136,26,0,18,0,70,,5651,26,0,18,0,30,,5635,26,0,18,0,70,,5636,26,0,18,0,30,,5634,26,0,18,0,70,,5632,26,0,18,0,30,,5647,26,0,18,0,70,,5639,26,0,18,0,30,,5650,26,0,18,0,70,,5642,26,0,18,0,30,,5638,26,0,18,0,70,,5646,26,0,18,0,30,,5644,26,0,18,0,70,,5637,26,0,18,0,30,,5649,26,0,18,0,70,,5643,26,0,18,0,30,,5648,26,0,18,0,70,,5641,26,0,18,0,30,,1538,26,0,18,0
201,'4',524,,3823,26,0,18,0,30,,5663,26,0,18,0,70,,3060,26,0,18,0,30,,5657,26,0,18,0,70,,5668,26,0,18,0,30,,5661,26,0,18,0,70,,1303,26,0,18,0,30,,5144,26,0,18,0,70,,4533,26,0,18,0,30,,5659,26,0,18,0,70,,5664,26,0,18,0,30,,5674,26,0,18,0,70,,5666,26,0,18,0,30,,5675,26,0,18,0,70,,5671,26,0,18,0,30,,5038,26,0,18,0,70,,5655,26,0,18,0,30,,5653,26,0,18,0,70,,5652,26,0,18,0,30,,2465,26,0,18,0,70,,5658,26,0,18,0,30,,5669,26,0,18,0,70,,4400,26,0,18,0,30,,5676,26,0,18,0,70,,5670,26,0,18,0,30,,5149,26,0,18,0,70,,5656,26,0,18,0,30,,5672,26,0,18,0,70,,3272,26,0,18,0,30,,4335,26,0,18,0,70,,5660,26,0,18,0,30,,5673,26,0,18,0,70,,5654,26,0,18,0,30,,5667,26,0,18,0,70,,5662,26,0,18,0,30,,5665,26,0,18,0
1000,'1',529,,2276,14,0,32,0,30,,6006,14,0,32,0,70,,2410,14,0,32,0,30,,6002,14,0,32,0,70,,6003,14,0,32,0,30,,5996,14,0,32,0,70,,4636,14,0,32,0,30,,5994,14,0,32,0,70,,4559,14,0,32,0,30,,2809,14,0,32,0,70,,5177,14,0,32,0,30,,5999,14,0,32,0,70,,4850,14,0,32,0,30,,6004,14,0,32,0,70,,6005,14,0,32,0,30,,5993,14,0,32,0,70,,2812,14,0,32,0,30,,5998,14,0,32,0,70,,5006,14,0,32,0,30,,6008,14,0,32,0,70,,5064,14,0,32,0,30,,4157,14,0,32,0,70,,6009,14,0,32,0,30,,6001,14,0,32,0,70,,5995,14,0,32,0,30,,4563,14,0,32,0,70,,4061,14,0,32,0,30,,6000,14,0,32,0,70,,5997,14,0,32,0,30,,5992,14,0,32,0
1000,'2',529,,723,14,0,32,0,30,,2421,14,0,32,0,70,,5259,14,0,32,0,30,,6016,14,0,32,0,70,,6013,14,0,32,0,30,,6030,14,0,32,0,70,,6014,14,0,32,0,30,,6019,14,0,32,0,70,,6015,14,0,32,0,30,,6022,14,0,32,0,70,,6011,14,0,32,0,30,,4280,14,0,32,0,70,,866,14,0,32,0,30,,4609,14,0,32,0,70,,6026,14,0,32,0,30,,6027,14,0,32,0,70,,5112,14,0,32,0,30,,6028,14,0,32,0,70,,6010,14,0,32,0,30,,6023,14,0,32,0,70,,6017,14,0,32,0,30,,6029,14,0,32,0,70,,6018,14,0,32,0,30,,4895,14,0,32,0,70,,4555,14,0,32,0,30,,6012,14,0,32,0,70,,6025,14,0,32,0,30,,6024,14,0,32,0,70,,4036,14,0,32,0,30,,6021,14,0,32,0
1000,'3',829,,4381,14,0,32,0,100,,6040,14,0,32,0,100,,6036,14,0,32,0,100,,6032,14,0,32,0,100,,6039,14,0,32,0,100,,6031,14,0,32,0,100,,6033,14,0,32,0,100,,6035,14,0,32,0,100,,6037,14,0,32,0,100,,3521,14,0,32,0,100,,6038,14,0,32,0,100,,6034,14,0,32,0
1000,'4',529,,2918,14,0,32,0,30,,6045,14,0,32,0,70,,6052,14,0,32,0,30,,6041,14,0,32,0,70,,2631,14,0,32,0,30,,6060,14,0,32,0,70,,6064,14,0,32,0,30,,6044,14,0,32,0,70,,6058,14,0,32,0,30,,6059,14,0,32,0,70,,6054,14,0,32,0,30,,6066,14,0,32,0,70,,6057,14,0,32,0,30,,6063,14,0,32,0,70,,6043,14,0,32,0,30,,6047,14,0,32,0,70,,4103,14,0,32,0,30,,6056,14,0,32,0,70,,6055,14,0,32,0,30,,6048,14,0,32,0,70,,4262,14,0,32,0,30,,6067,14,0,32,0,70,,6046,14,0,32,0,30,,6053,14,0,32,0,70,,6042,14,0,32,0,30,,6049,14,0,32,0,70,,6062,14,0,32,0,30,,6051,14,0,32,0,70,,6061,14,0,32,0,30,,6065,14,0,32,0
11101,'1',749,,4966,15,,,0
12000,'1',1607,,3974,11,0,25 26 3 27 16,0
14000,'1',1556,,5008,5,0,24,0
