200,'1',519,,5497,1,0,18,0,30,,5509,1,0,18,0,70,,5487,1,0,18,0,30,,4433,1,0,18,0,70,,5504,1,0,18,0,30,,2743,1,0,18,0,70,,5502,1,0,18,0,30,,3597,1,0,18,0,70,,5486,1,0,18,0,30,,4054,1,0,18,0,70,,5503,1,0,18,0,30,,5499,1,0,18,0,70,,5496,1,0,18,0,30,,5488,1,0,18,0,70,,2575,1,0,18,0,30,,3001,1,0,18,0,70,,5494,1,0,18,0,30,,5495,1,0,18,0,70,,5492,1,0,18,0,30,,4438,1,0,18,0,70,,5489,1,0,18,0,30,,5506,1,0,18,0,70,,5485,1,0,18,0,30,,5491,1,0,18,0,70,,4366,1,0,18,0,30,,5508,1,0,18,0,70,,3973,1,0,18,0,30,,5498,1,0,18,0,70,,5501,1,0,18,0,30,,5507,1,0,18,0,70,,5493,1,0,18,0,30,,5510,1,0,18,0,70,,5490,1,0,18,0,30,,5505,1,0,18,0,70,,4301,1,0,18,0,30,,5062,1,0,18,0,70,,5500,1,0,18,0
200,'2',519,,5260,1,0,18,0,30,,3303,1,0,18,0,70,,5525,1,0,18,0,30,,5516,1,0,18,0,70,,3224,1,0,18,0,30,,5523,1,0,18,0,70,,5526,1,0,18,0,30,,3955,1,0,18,0,70,,5527,1,0,18,0,30,,4274,1,0,18,0,70,,638,1,0,18,0,30,,3565,1,0,18,0,70,,5243,1,0,18,0,30,,4142,1,0,18,0,70,,4289,1,0,18,0,30,,5114,1,0,18,0,70,,5513,1,0,18,0,30,,4417,1,0,18,0,70,,5520,1,0,18,0,30,,5518,1,0,18,0,70,,4339,1,0,18,0,30,,5529,1,0,18,0,70,,2215,1,0,18,0,30,,5511,1,0,18,0,70,,5530,1,0,18,0,30,,4419,1,0,18,0,70,,5519,1,0,18,0,30,,5517,1,0,18,0,70,,5514,1,0,18,0,30,,5521,1,0,18,0,70,,5522,1,0,18,0,30,,5512,1,0,18,0,70,,2892,1,0,18,0,30,,5528,1,0,18,0,70,,1874,1,0,18,0,30,,5515,1,0,18,0,70,,5524,1,0,18,0
200,'3',819,,5539,1,0,18,0,30,,5552,1,0,18,0,70,,5538,1,0,18,0,30,,5531,1,0,18,0,70,,5537,1,0,18,0,30,,5548,1,0,18,0,70,,5551,1,0,18,0,30,,5536,1,0,18,0,70,,5534,1,0,18,0,30,,5535,1,0,18,0,70,,5550,1,0,18,0,30,,5532,1,0,18,0,70,,5542,1,0,18,0,30,,5546,1,0,18,0,70,,5541,1,0,18,0,30,,5540,1,0,18,0,70,,3817,1,0,18,0,30,,5543,1,0,18,0,70,,2971,1,0,18,0,30,,5547,1,0,18,0,70,,5549,1,0,18,0,30,,5545,1,0,18,0,70,,5544,1,0,18,0,30,,5533,1,0,18,0
200,'4',519,,5555,1,0,18,0,30,,4008,1,0,18,0,70,,5557,1,0,18,0,30,,5562,1,0,18,0,70,,5558,1,0,18,0,30,,4407,1,0,18,0,70,,3348,1,0,18,0,30,,5566,1,0,18,0,70,,1216,1,0,18,0,30,,5568,1,0,18,0,70,,5569,1,0,18,0,30,,5560,1,0,18,0,70,,5563,1,0,18,0,30,,5556,1,0,18,0,70,,5572,1,0,18,0,30,,5565,1,0,18,0,70,,5559,1,0,18,0,30,,5570,1,0,18,0,70,,1994,1,0,18,0,30,,5575,1,0,18,0,70,,5574,1,0,18,0,30,,4540,1,0,18,0,70,,912,1,0,18,0,30,,5554,1,0,18,0,70,,4025,1,0,18,0,30,,5567,1,0,18,0,70,,5564,1,0,18,0,30,,5573,1,0,18,0,70,,4729,1,0,18,0,30,,5553,1,0,18,0,70,,3928,1,0,18,0,30,,2793,1,0,18,0,70,,5561,1,0,18,0,30,,5576,1,0,18,0,70,,5571,1,0,18,0,30,,4179,1,0,18,0,70,,4018,1,0,18,0
201,'1',542,,5578,44,4,,0,70,,5585,44,4,,0,30,,4691,44,4,,0,70,,5594,44,4,,0,30,,5584,44,4,,0,70,,5598,44,4,,0,30,,599,44,4,,0,70,,5599,44,4,,0,30,,5596,44,4,,0,70,,588,44,4,,0,30,,5125,44,4,,0,70,,5586,44,4,,0,30,,5595,44,4,,0,70,,3081,44,4,,0,30,,4150,44,4,,0,70,,5600,44,4,,0,30,,5591,44,4,,0,70,,5592,44,4,,0,30,,4572,44,4,,0,70,,2321,44,4,,0,30,,5588,44,4,,0,70,,5601,44,4,,0,30,,5583,44,4,,0,70,,5597,44,4,,0,30,,5582,44,4,,0,70,,5580,44,4,,0,30,,5587,44,4,,0,70,,5590,44,4,,0,30,,2997,44,4,,0,70,,5579,44,4,,0,30,,5593,44,4,,0,70,,5581,44,4,,0,30,,5589,44,4,,0,70,,5602,44,4,,0,30,,5577,44,4,,0,70,,5603,44,4,,0
201,'2',542,,4557,44,4,,0,70,,5623,44,4,,0,30,,4672,44,4,,0,70,,5630,44,4,,0,30,,5244,44,4,,0,70,,5611,44,4,,0,30,,3571,44,4,,0,70,,5616,44,4,,0,30,,5625,44,4,,0,70,,5629,44,4,,0,30,,5609,44,4,,0,70,,5627,44,4,,0,30,,4547,44,4,,0,70,,5617,44,4,,0,30,,5618,44,4,,0,70,,5621,44,4,,0,30,,5610,44,4,,0,70,,5615,44,4,,0,30,,5622,44,4,,0,70,,5619,44,4,,0,30,,5613,44,4,,0,70,,4273,44,4,,0,30,,5626,44,4,,0,70,,5628,44,4,,0,30,,5614,44,4,,0,70,,4028,44,4,,0,30,,5604,44,4,,0,70,,5605,44,4,,0,30,,251,44,4,,0,70,,5608,44,4,,0,30,,5607,44,4,,0,70,,5624,44,4,,0,30,,3626,44,4,,0,70,,5620,44,4,,0,30,,5606,44,4,,0,70,,5612,44,4,,0
201,'3',842,,5640,44,4,,0,70,,5633,44,4,,0,30,,5133,44,4,,0,70,,5645,44,4,,0,30,,5631,44,4,,0,70,,5136,44,4,,0,30,,5651,44,4,,0,70,,5635,44,4,,0,30,,5636,44,4,,0,70,,5634,44,4,,0,30,,5632,44,4,,0,70,,5647,44,4,,0,30,,5639,44,4,,0,70,,5650,44,4,,0,30,,5642,44,4,,0,70,,5638,44,4,,0,30,,5646,44,4,,0,70,,5644,44,4,,0,30,,5637,44,4,,0,70,,5649,44,4,,0,30,,5643,44,4,,0,70,,5648,44,4,,0,30,,5641,44,4,,0,70,,1538,44,4,,0
201,'4',542,,3823,44,4,,0,70,,5663,44,4,,0,30,,3060,44,4,,0,70,,5657,44,4,,0,30,,5668,44,4,,0,70,,5661,44,4,,0,30,,1303,44,4,,0,70,,5144,44,4,,0,30,,4533,44,4,,0,70,,5659,44,4,,0,30,,5664,44,4,,0,70,,5674,44,4,,0,30,,5666,44,4,,0,70,,5675,44,4,,0,30,,5671,44,4,,0,70,,5038,44,4,,0,30,,5655,44,4,,0,70,,5653,44,4,,0,30,,5652,44,4,,0,70,,2465,44,4,,0,30,,5658,44,4,,0,70,,5669,44,4,,0,30,,4400,44,4,,0,70,,5676,44,4,,0,30,,5670,44,4,,0,70,,5149,44,4,,0,30,,5656,44,4,,0,70,,5672,44,4,,0,30,,3272,44,4,,0,70,,4335,44,4,,0,30,,5660,44,4,,0,70,,5673,44,4,,0,30,,5654,44,4,,0,70,,5667,44,4,,0,30,,5662,44,4,,0,70,,5665,44,4,,0
300,'1',545,,5681,1,0,65 2 64,0,70,,5188,1,0,65 2 64,0,30,,5678,1,0,65 2 64,0,70,,5682,1,0,65 2 64,0,30,,5689,1,0,65 2 64,0,70,,5690,1,0,65 2 64,0,30,,4960,1,0,65 2 64,0,70,,3294,1,0,65 2 64,0,30,,5680,1,0,65 2 64,0,70,,2807,1,0,65 2 64,0,30,,2122,1,0,65 2 64,0,70,,2289,1,0,65 2 64,0,30,,2482,1,0,65 2 64,0,70,,5688,1,0,65 2 64,0,30,,5686,1,0,65 2 64,0,70,,5693,1,0,65 2 64,0,30,,3978,1,0,65 2 64,0,70,,2283,1,0,65 2 64,0,30,,5684,1,0,65 2 64,0,70,,5194,1,0,65 2 64,0,30,,5677,1,0,65 2 64,0,70,,3879,1,0,65 2 64,0,30,,5679,1,0,65 2 64,0,70,,5691,1,0,65 2 64,0,30,,5685,1,0,65 2 64,0,70,,2484,1,0,65 2 64,0,30,,2134,1,0,65 2 64,0,70,,5683,1,0,65 2 64,0,30,,2931,1,0,65 2 64,0,100,,5692,1,0,65 2 64,0,100,,4496,1,0,65 2 64,0,100,,5687,1,0,65 2 64,0
300,'2',545,,2509,1,0,65 2 64,0,70,,2885,1,0,65 2 64,0,30,,4129,1,0,65 2 64,0,70,,5711,1,0,65 2 64,0,30,,5697,1,0,65 2 64,0,70,,5703,1,0,65 2 64,0,30,,3861,1,0,65 2 64,0,70,,4748,1,0,65 2 64,0,30,,3229,1,0,65 2 64,0,70,,5706,1,0,65 2 64,0,30,,5704,1,0,65 2 64,0,70,,4033,1,0,65 2 64,0,30,,5695,1,0,65 2 64,0,70,,5709,1,0,65 2 64,0,30,,2767,1,0,65 2 64,0,70,,5705,1,0,65 2 64,0,30,,5701,1,0,65 2 64,0,70,,4424,1,0,65 2 64,0,30,,5698,1,0,65 2 64,0,70,,5702,1,0,65 2 64,0,30,,5707,1,0,65 2 64,0,70,,5699,1,0,65 2 64,0,30,,4039,1,0,65 2 64,0,70,,5708,1,0,65 2 64,0,30,,3754,1,0,65 2 64,0,70,,4138,1,0,65 2 64,0,30,,123,1,0,65 2 64,0,70,,5710,1,0,65 2 64,0,30,,5696,1,0,65 2 64,0,100,,5694,1,0,65 2 64,0,100,,3097,1,0,65 2 64,0,100,,5700,1,0,65 2 64,0
300,'3',845,,5721,1,0,65 2 64,0,100,,5712,1,0,65 2 64,0,100,,2973,1,0,65 2 64,0,100,,5713,1,0,65 2 64,0,100,,5722,1,0,65 2 64,0,100,,5716,1,0,65 2 64,0,100,,5720,1,0,65 2 64,0,100,,5718,1,0,65 2 64,0,100,,5715,1,0,65 2 64,0,100,,5714,1,0,65 2 64,0,100,,5719,1,0,65 2 64,0,100,,5717,1,0,65 2 64,0
300,'4',545,,3920,1,0,65 2 64,0,70,,5735,1,0,65 2 64,0,30,,5731,1,0,65 2 64,0,70,,4338,1,0,65 2 64,0,30,,3834,1,0,65 2 64,0,70,,4013,1,0,65 2 64,0,30,,5732,1,0,65 2 64,0,70,,5724,1,0,65 2 64,0,30,,5742,1,0,65 2 64,0,70,,5738,1,0,65 2 64,0,30,,5741,1,0,65 2 64,0,70,,4404,1,0,65 2 64,0,30,,5740,1,0,65 2 64,0,70,,3926,1,0,65 2 64,0,30,,5727,1,0,65 2 64,0,70,,5739,1,0,65 2 64,0,30,,5726,1,0,65 2 64,0,70,,5737,1,0,65 2 64,0,30,,5725,1,0,65 2 64,0,70,,5743,1,0,65 2 64,0,30,,4659,1,0,65 2 64,0,70,,5729,1,0,65 2 64,0,30,,5736,1,0,65 2 64,0,70,,5723,1,0,65 2 64,0,30,,5734,1,0,65 2 64,0,70,,2862,1,0,65 2 64,0,30,,5730,1,0,65 2 64,0,70,,5733,1,0,65 2 64,0,30,,5728,1,0,65 2 64,0,100,,3177,1,0,65 2 64,0,100,,4388,1,0,65 2 64,0,100,,4741,1,0,65 2 64,0
301,'1',539,,5748,24,4,,0,70,,4629,24,4,,0,30,,5759,24,4,,0,70,,5767,24,4,,0,30,,5753,24,4,,0,70,,5745,24,4,,0,30,,5770,24,4,,0,70,,5747,24,4,,0,30,,4500,24,4,,0,70,,3009,24,4,,0,30,,5746,24,4,,0,70,,5766,24,4,,0,30,,2239,24,4,,0,70,,3878,24,4,,0,30,,5749,24,4,,0,70,,5769,24,4,,0,30,,5755,24,4,,0,70,,5768,24,4,,0,30,,5752,24,4,,0,70,,5763,24,4,,0,30,,5758,24,4,,0,70,,5765,24,4,,0,30,,3190,24,4,,0,70,,5760,24,4,,0,30,,5757,24,4,,0,70,,5744,24,4,,0,30,,5756,24,4,,0,70,,5750,24,4,,0,30,,5762,24,4,,0,70,,3969,24,4,,0,30,,5761,24,4,,0,100,,5764,24,4,,0,100,,5754,24,4,,0,100,,5751,24,4,,0
301,'2',539,,5777,24,4,,0,70,,5793,24,4,,0,30,,5785,24,4,,0,70,,5790,24,4,,0,30,,5786,24,4,,0,70,,3951,24,4,,0,30,,5780,24,4,,0,70,,5789,24,4,,0,30,,5787,24,4,,0,70,,5781,24,4,,0,30,,5782,24,4,,0,70,,5778,24,4,,0,30,,5792,24,4,,0,70,,4754,24,4,,0,30,,5771,24,4,,0,70,,3558,24,4,,0,30,,4606,24,4,,0,70,,5774,24,4,,0,30,,5779,24,4,,0,70,,2752,24,4,,0,30,,5784,24,4,,0,70,,5772,24,4,,0,30,,3393,24,4,,0,70,,5773,24,4,,0,30,,4546,24,4,,0,70,,5776,24,4,,0,30,,5775,24,4,,0,70,,5198,24,4,,0,30,,4136,24,4,,0,70,,5783,24,4,,0,30,,5232,24,4,,0,100,,5788,24,4,,0,100,,5791,24,4,,0,100,,5794,24,4,,0
301,'3',839,,5798,24,4,,0,100,,5805,24,4,,0,100,,4712,24,4,,0,100,,5797,24,4,,0,100,,5803,24,4,,0,100,,5802,24,4,,0,100,,5796,24,4,,0,100,,5801,24,4,,0,100,,5799,24,4,,0,100,,5804,24,4,,0,100,,5795,24,4,,0,100,,5800,24,4,,0
301,'4',539,,5825,24,4,,0,70,,567,24,4,,0,30,,5810,24,4,,0,70,,5820,24,4,,0,30,,3706,24,4,,0,70,,5808,24,4,,0,30,,5828,24,4,,0,70,,5830,24,4,,0,30,,5822,24,4,,0,70,,5833,24,4,,0,30,,5819,24,4,,0,70,,5812,24,4,,0,30,,5807,24,4,,0,70,,5816,24,4,,0,30,,5827,24,4,,0,70,,2111,24,4,,0,30,,5814,24,4,,0,70,,5811,24,4,,0,30,,5823,24,4,,0,70,,3046,24,4,,0,30,,4394,24,4,,0,70,,5826,24,4,,0,30,,5824,24,4,,0,70,,5831,24,4,,0,30,,5815,24,4,,0,70,,5829,24,4,,0,30,,5809,24,4,,0,70,,5832,24,4,,0,30,,5821,24,4,,0,70,,5813,24,4,,0,30,,5818,24,4,,0,100,,5806,24,4,,0,100,,4319,24,4,,0,100,,5817,24,4,,0
1100,'1',527,,3142,1,0,5 2 6 7,0,30,,6165,1,0,5 2 6 7,0,70,,6151,1,0,5 2 6 7,0,30,,6166,1,0,5 2 6 7,0,70,,6152,1,0,5 2 6 7,0,30,,6163,1,0,5 2 6 7,0,70,,6161,1,0,5 2 6 7,0,30,,6164,1,0,5 2 6 7,0,70,,6157,1,0,5 2 6 7,0,30,,6162,1,0,5 2 6 7,0,70,,6150,1,0,5 2 6 7,0,30,,6173,1,0,5 2 6 7,0,70,,1256,1,0,5 2 6 7,0,30,,6171,1,0,5 2 6 7,0,70,,3365,1,0,5 2 6 7,0,30,,6168,1,0,5 2 6 7,0,70,,6160,1,0,5 2 6 7,0,30,,2578,1,0,5 2 6 7,0,70,,6159,1,0,5 2 6 7,0,30,,6154,1,0,5 2 6 7,0,70,,6170,1,0,5 2 6 7,0,30,,6172,1,0,5 2 6 7,0,70,,6169,1,0,5 2 6 7,0,30,,6155,1,0,5 2 6 7,0,70,,6158,1,0,5 2 6 7,0,30,,6167,1,0,5 2 6 7,0,70,,6156,1,0,5 2 6 7,0,30,,6153,1,0,5 2 6 7,0,70,,3144,1,0,5 2 6 7,0
1100,'2',527,,6175,1,0,5 2 6 7,0,30,,1799,1,0,5 2 6 7,0,70,,6181,1,0,5 2 6 7,0,30,,4897,1,0,5 2 6 7,0,70,,6185,1,0,5 2 6 7,0,30,,6188,1,0,5 2 6 7,0,70,,6182,1,0,5 2 6 7,0,30,,6184,1,0,5 2 6 7,0,70,,6191,1,0,5 2 6 7,0,30,,5206,1,0,5 2 6 7,0,70,,6178,1,0,5 2 6 7,0,30,,6176,1,0,5 2 6 7,0,70,,6174,1,0,5 2 6 7,0,30,,6187,1,0,5 2 6 7,0,70,,6190,1,0,5 2 6 7,0,30,,4218,1,0,5 2 6 7,0,70,,4487,1,0,5 2 6 7,0,30,,6186,1,0,5 2 6 7,0,70,,6183,1,0,5 2 6 7,0,30,,4410,1,0,5 2 6 7,0,70,,1512,1,0,5 2 6 7,0,30,,4686,1,0,5 2 6 7,0,70,,5165,1,0,5 2 6 7,0,30,,5204,1,0,5 2 6 7,0,70,,6189,1,0,5 2 6 7,0,30,,6177,1,0,5 2 6 7,0,70,,6180,1,0,5 2 6 7,0,30,,6179,1,0,5 2 6 7,0,70,,5196,1,0,5 2 6 7,0
1100,'3',757,,6197,1,0,5 2 6 7,0,100,,6193,1,0,5 2 6 7,0,100,,6192,1,0,5 2 6 7,0,100,,6198,1,0,5 2 6 7,0,100,,4799,1,0,5 2 6 7,0,100,,6194,1,0,5 2 6 7,0,100,,3812,1,0,5 2 6 7,0,100,,6199,1,0,5 2 6 7,0,100,,5135,1,0,5 2 6 7,0,100,,6200,1,0,5 2 6 7,0,100,,6196,1,0,5 2 6 7,0,100,,6195,1,0,5 2 6 7,0
1100,'4',527,,6216,1,0,5 2 6 7,0,30,,6210,1,0,5 2 6 7,0,70,,6203,1,0,5 2 6 7,0,30,,6201,1,0,5 2 6 7,0,70,,6217,1,0,5 2 6 7,0,30,,6207,1,0,5 2 6 7,0,70,,6213,1,0,5 2 6 7,0,30,,6211,1,0,5 2 6 7,0,70,,6219,1,0,5 2 6 7,0,30,,6209,1,0,5 2 6 7,0,70,,6204,1,0,5 2 6 7,0,30,,6208,1,0,5 2 6 7,0,70,,4327,1,0,5 2 6 7,0,30,,6202,1,0,5 2 6 7,0,70,,6206,1,0,5 2 6 7,0,30,,2920,1,0,5 2 6 7,0,70,,6205,1,0,5 2 6 7,0,30,,6218,1,0,5 2 6 7,0,70,,3707,1,0,5 2 6 7,0,30,,6215,1,0,5 2 6 7,0,70,,4536,1,0,5 2 6 7,0,30,,6221,1,0,5 2 6 7,0,70,,6214,1,0,5 2 6 7,0,30,,5089,1,0,5 2 6 7,0,70,,3482,1,0,5 2 6 7,0,30,,6223,1,0,5 2 6 7,0,70,,6212,1,0,5 2 6 7,0,30,,6222,1,0,5 2 6 7,0,70,,6220,1,0,5 2 6 7,0
1101,'1',551,,6236,49,4,,0,70,,4633,49,4,,0,30,,6228,49,4,,0,70,,6239,49,4,,0,30,,6232,49,4,,0,70,,6244,49,4,,0,30,,6246,49,4,,0,70,,6230,49,4,,0,30,,6231,49,4,,0,70,,6245,49,4,,0,30,,592,49,4,,0,70,,6224,49,4,,0,30,,6238,49,4,,0,70,,3497,49,4,,0,30,,6243,49,4,,0,70,,2933,49,4,,0,30,,6241,49,4,,0,70,,6237,49,4,,0,30,,6242,49,4,,0,70,,6233,49,4,,0,30,,4226,49,4,,0,70,,6226,49,4,,0,30,,6240,49,4,,0,70,,6234,49,4,,0,30,,6227,49,4,,0,70,,6229,49,4,,0,30,,6235,49,4,,0,70,,6225,49,4,,0,30,,3381,49,4,,0
1101,'2',551,,6262,49,4,,0,70,,6264,49,4,,0,30,,6261,49,4,,0,70,,5162,49,4,,0,30,,6248,49,4,,0,70,,6255,49,4,,0,30,,6260,49,4,,0,70,,6254,49,4,,0,30,,5275,49,4,,0,70,,6265,49,4,,0,30,,4494,49,4,,0,70,,6250,49,4,,0,30,,6263,49,4,,0,70,,4953,49,4,,0,30,,6257,49,4,,0,70,,6267,49,4,,0,30,,5113,49,4,,0,70,,3023,49,4,,0,30,,2331,49,4,,0,70,,6249,49,4,,0,30,,6256,49,4,,0,70,,6258,49,4,,0,30,,4121,49,4,,0,70,,6247,49,4,,0,30,,6266,49,4,,0,70,,6251,49,4,,0,30,,6252,49,4,,0,70,,6253,49,4,,0,30,,6259,49,4,,0
1101,'3',851,,6268,49,4,,0,100,,6273,49,4,,0,100,,6270,49,4,,0,100,,6276,49,4,,0,100,,4251,49,4,,0,100,,6272,49,4,,0,100,,6274,49,4,,0,100,,4790,49,4,,0,100,,6271,49,4,,0,100,,3805,49,4,,0,100,,6275,49,4,,0,100,,6269,49,4,,0
1101,'4',551,,6284,49,4,,0,70,,6279,49,4,,0,30,,2470,49,4,,0,70,,1109,49,4,,0,30,,3646,49,4,,0,70,,6282,49,4,,0,30,,6285,49,4,,0,70,,6278,49,4,,0,30,,6294,49,4,,0,70,,4603,49,4,,0,30,,6290,49,4,,0,70,,6280,49,4,,0,30,,1560,49,4,,0,70,,6277,49,4,,0,30,,6288,49,4,,0,70,,6291,49,4,,0,30,,3641,49,4,,0,70,,6286,49,4,,0,30,,6283,49,4,,0,70,,4538,49,4,,0,30,,6293,49,4,,0,70,,6289,49,4,,0,30,,5141,49,4,,0,70,,3256,49,4,,0,30,,3178,49,4,,0,70,,6287,49,4,,0,30,,4819,49,4,,0,70,,6292,49,4,,0,30,,6281,49,4,,0
1200,'1',708,,4144,11,4,,0,30,,6296,11,4,,0,70,,6298,11,4,,0,30,,6297,11,4,,0,70,,4566,11,4,,0,30,,4053,11,4,,0,70,,6299,11,4,,0,30,,4070,11,4,,0,70,,3380,11,4,,0,30,,4630,11,4,,0,70,,6295,11,4,,0,30,,3767,11,4,,0,70,,6312,11,4,,0,30,,6309,11,4,,0,70,,6302,11,4,,0,30,,6303,11,4,,0,70,,5005,11,4,,0,30,,6313,11,4,,0,70,,2257,11,4,,0,30,,2389,11,4,,0,70,,4687,11,4,,0,30,,6305,11,4,,0,70,,6310,11,4,,0,30,,4508,11,4,,0,70,,4058,11,4,,0,30,,6306,11,4,,0,70,,6304,11,4,,0,30,,6308,11,4,,0,70,,6300,11,4,,0,30,,6301,11,4,,0,70,,6311,11,4,,0,30,,6307,11,4,,0,70,,2584,11,4,,0
1200,'2',708,,4671,11,4,,0,30,,6326,11,4,,0,70,,6331,11,4,,0,30,,6317,11,4,,0,70,,861,11,4,,0,30,,4350,11,4,,0,70,,6324,11,4,,0,30,,6333,11,4,,0,70,,6323,11,4,,0,30,,6314,11,4,,0,70,,1806,11,4,,0,30,,6316,11,4,,0,70,,6321,11,4,,0,30,,4215,11,4,,0,70,,6328,11,4,,0,30,,6320,11,4,,0,70,,6330,11,4,,0,30,,5238,11,4,,0,70,,6332,11,4,,0,30,,6327,11,4,,0,70,,5199,11,4,,0,30,,6334,11,4,,0,70,,5277,11,4,,0,30,,4120,11,4,,0,70,,4490,11,4,,0,30,,6319,11,4,,0,70,,6315,11,4,,0,30,,6325,11,4,,0,70,,6329,11,4,,0,30,,1956,11,4,,0,70,,6322,11,4,,0,30,,6318,11,4,,0,70,,5163,11,4,,0
1200,'3',808,,4247,11,4,,0,30,,6354,11,4,,0,70,,6339,11,4,,0,30,,6340,11,4,,0,70,,6344,11,4,,0,30,,6348,11,4,,0,70,,6350,11,4,,0,30,,6338,11,4,,0,70,,6353,11,4,,0,30,,6351,11,4,,0,70,,4380,11,4,,0,30,,6349,11,4,,0,70,,6341,11,4,,0,30,,2700,11,4,,0,70,,3916,11,4,,0,30,,6337,11,4,,0,70,,4308,11,4,,0,30,,3997,11,4,,0,70,,4726,11,4,,0,30,,6347,11,4,,0,70,,6346,11,4,,0,30,,6343,11,4,,0,70,,6352,11,4,,0,30,,6335,11,4,,0,70,,6342,11,4,,0,30,,6345,11,4,,0,70,,6336,11,4,,0
1200,'4',708,,6366,11,4,,0,30,,6370,11,4,,0,70,,4743,11,4,,0,30,,6372,11,4,,0,70,,6363,11,4,,0,30,,6362,11,4,,0,70,,6359,11,4,,0,30,,6365,11,4,,0,70,,6374,11,4,,0,30,,6378,11,4,,0,70,,6367,11,4,,0,30,,6355,11,4,,0,70,,6357,11,4,,0,30,,6368,11,4,,0,70,,6380,11,4,,0,30,,4182,11,4,,0,70,,1670,11,4,,0,30,,6375,11,4,,0,70,,6376,11,4,,0,30,,6356,11,4,,0,70,,6361,11,4,,0,30,,6358,11,4,,0,70,,6371,11,4,,0,30,,5029,11,4,,0,70,,6379,11,4,,0,30,,3712,11,4,,0,70,,6360,11,4,,0,30,,6377,11,4,,0,70,,6364,11,4,,0,30,,4464,11,4,,0,70,,5040,11,4,,0,30,,6373,11,4,,0,70,,6369,11,4,,0
1201,'1',645,,6392,1,0,68 69,0,70,,6386,1,0,68 69,0,30,,6398,1,0,68 69,0,70,,6399,1,0,68 69,0,30,,704,1,0,68 69,0,70,,6388,1,0,68 69,0,30,,6400,1,0,68 69,0,70,,6384,1,0,68 69,0,30,,6389,1,0,68 69,0,70,,6402,1,0,68 69,0,30,,6405,1,0,68 69,0,70,,346,1,0,68 69,0,30,,3434,1,0,68 69,0,70,,6381,1,0,68 69,0,30,,6404,1,0,68 69,0,70,,4786,1,0,68 69,0,30,,6397,1,0,68 69,0,70,,6394,1,0,68 69,0,30,,6396,1,0,68 69,0,70,,6383,1,0,68 69,0,30,,6387,1,0,68 69,0,70,,6407,1,0,68 69,0,30,,6406,1,0,68 69,0,70,,6385,1,0,68 69,0,30,,6403,1,0,68 69,0,70,,6395,1,0,68 69,0,30,,6391,1,0,68 69,0,70,,2500,1,0,68 69,0,30,,6401,1,0,68 69,0,70,,6390,1,0,68 69,0,30,,6393,1,0,68 69,0,70,,4776,1,0,68 69,0,30,,6382,1,0,68 69,0
1201,'2',645,,6414,1,0,68 69,0,70,,6417,1,0,68 69,0,30,,6409,1,0,68 69,0,70,,5166,1,0,68 69,0,30,,6420,1,0,68 69,0,70,,6411,1,0,68 69,0,30,,2517,1,0,68 69,0,70,,6410,1,0,68 69,0,30,,6425,1,0,68 69,0,70,,3087,1,0,68 69,0,30,,6421,1,0,68 69,0,70,,6422,1,0,68 69,0,30,,6429,1,0,68 69,0,70,,3158,1,0,68 69,0,30,,6415,1,0,68 69,0,70,,6428,1,0,68 69,0,30,,4556,1,0,68 69,0,70,,6408,1,0,68 69,0,30,,6426,1,0,68 69,0,70,,6423,1,0,68 69,0,30,,4049,1,0,68 69,0,70,,6416,1,0,68 69,0,30,,6413,1,0,68 69,0,70,,394,1,0,68 69,0,30,,6412,1,0,68 69,0,70,,6419,1,0,68 69,0,30,,6430,1,0,68 69,0,70,,4214,1,0,68 69,0,30,,6418,1,0,68 69,0,70,,3083,1,0,68 69,0,30,,6427,1,0,68 69,0,70,,6424,1,0,68 69,0,30,,2334,1,0,68 69,0
1201,'3',745,,6431,1,0,68 69,0,70,,6432,1,0,68 69,0,30,,6452,1,0,68 69,0,70,,6437,1,0,68 69,0,30,,6445,1,0,68 69,0,70,,6448,1,0,68 69,0,30,,6455,1,0,68 69,0,70,,6442,1,0,68 69,0,30,,6446,1,0,68 69,0,70,,6451,1,0,68 69,0,30,,6438,1,0,68 69,0,70,,6443,1,0,68 69,0,30,,4709,1,0,68 69,0,70,,6439,1,0,68 69,0,30,,4250,1,0,68 69,0,70,,6434,1,0,68 69,0,30,,6453,1,0,68 69,0,70,,6447,1,0,68 69,0,30,,6449,1,0,68 69,0,70,,6435,1,0,68 69,0,30,,6433,1,0,68 69,0,70,,6444,1,0,68 69,0,30,,6454,1,0,68 69,0,70,,6441,1,0,68 69,0,30,,6440,1,0,68 69,0,70,,6450,1,0,68 69,0,30,,6436,1,0,68 69,0
1201,'4',645,,6470,1,0,68 69,0,70,,5036,1,0,68 69,0,30,,6461,1,0,68 69,0,70,,6478,1,0,68 69,0,30,,4012,1,0,68 69,0,70,,6462,1,0,68 69,0,30,,6475,1,0,68 69,0,70,,2013,1,0,68 69,0,30,,6463,1,0,68 69,0,70,,6477,1,0,68 69,0,30,,6466,1,0,68 69,0,70,,6468,1,0,68 69,0,30,,6482,1,0,68 69,0,70,,6481,1,0,68 69,0,30,,6476,1,0,68 69,0,70,,6464,1,0,68 69,0,30,,6480,1,0,68 69,0,70,,6467,1,0,68 69,0,30,,6473,1,0,68 69,0,70,,6460,1,0,68 69,0,30,,6465,1,0,68 69,0,70,,6458,1,0,68 69,0,30,,6469,1,0,68 69,0,70,,6457,1,0,68 69,0,30,,6456,1,0,68 69,0,70,,2381,1,0,68 69,0,30,,4270,1,0,68 69,0,70,,4406,1,0,68 69,0,30,,6471,1,0,68 69,0,70,,6459,1,0,68 69,0,30,,6474,1,0,68 69,0,70,,6479,1,0,68 69,0,30,,6472,1,0,68 69,0
1300,'1',515,,6496,1,0,63 11 2 64 2 20,0,30,,6485,1,0,63 11 2 64 2 20,0,70,,6488,1,0,63 11 2 64 2 20,0,30,,6497,1,0,63 11 2 64 2 20,0,70,,4370,1,0,63 11 2 64 2 20,0,30,,6492,1,0,63 11 2 64 2 20,0,70,,2574,1,0,63 11 2 64 2 20,0,30,,6487,1,0,63 11 2 64 2 20,0,70,,4441,1,0,63 11 2 64 2 20,0,30,,6498,1,0,63 11 2 64 2 20,0,70,,6495,1,0,63 11 2 64 2 20,0,100,,6494,1,0,63 11 2 64 2 20,0,100,,6493,1,0,63 11 2 64 2 20,0,100,,6486,1,0,63 11 2 64 2 20,0,100,,6484,1,0,63 11 2 64 2 20,0,100,,2736,1,0,63 11 2 64 2 20,0,30,,6491,1,0,63 11 2 64 2 20,0,70,,4778,1,0,63 11 2 64 2 20,0,30,,6490,1,0,63 11 2 64 2 20,0,70,,6500,1,0,63 11 2 64 2 20,0,30,,6499,1,0,63 11 2 64 2 20,0,70,,6489,1,0,63 11 2 64 2 20,0,30,,2405,1,0,63 11 2 64 2 20,0,70,,3499,1,0,63 11 2 64 2 20,0,30,,6483,1,0,63 11 2 64 2 20,0
1300,'2',515,,6515,1,0,63 11 2 64 2 20,0,30,,6508,1,0,63 11 2 64 2 20,0,70,,6511,1,0,63 11 2 64 2 20,0,30,,6512,1,0,63 11 2 64 2 20,0,70,,3939,1,0,63 11 2 64 2 20,0,30,,6502,1,0,63 11 2 64 2 20,0,70,,6507,1,0,63 11 2 64 2 20,0,30,,6517,1,0,63 11 2 64 2 20,0,70,,4675,1,0,63 11 2 64 2 20,0,30,,4277,1,0,63 11 2 64 2 20,0,70,,6509,1,0,63 11 2 64 2 20,0,100,,6516,1,0,63 11 2 64 2 20,0,100,,6504,1,0,63 11 2 64 2 20,0,100,,6506,1,0,63 11 2 64 2 20,0,100,,4611,1,0,63 11 2 64 2 20,0,100,,6513,1,0,63 11 2 64 2 20,0,30,,4035,1,0,63 11 2 64 2 20,0,70,,6518,1,0,63 11 2 64 2 20,0,30,,6501,1,0,63 11 2 64 2 20,0,70,,6514,1,0,63 11 2 64 2 20,0,30,,4617,1,0,63 11 2 64 2 20,0,70,,6510,1,0,63 11 2 64 2 20,0,30,,6503,1,0,63 11 2 64 2 20,0,70,,6505,1,0,63 11 2 64 2 20,0,30,,101,1,0,63 11 2 64 2 20,0
1300,'3',845,,6527,1,0,63 11 2 64 2 20,0,100,,6525,1,0,63 11 2 64 2 20,0,100,,6522,1,0,63 11 2 64 2 20,0,100,,6526,1,0,63 11 2 64 2 20,0,100,,6523,1,0,63 11 2 64 2 20,0,100,,6528,1,0,63 11 2 64 2 20,0,100,,6519,1,0,63 11 2 64 2 20,0,100,,4092,1,0,63 11 2 64 2 20,0,100,,6524,1,0,63 11 2 64 2 20,0,100,,6520,1,0,63 11 2 64 2 20,0,100,,6521,1,0,63 11 2 64 2 20,0,100,,4796,1,0,63 11 2 64 2 20,0
1300,'4',515,,5033,1,0,63 11 2 64 2 20,0,30,,6538,1,0,63 11 2 64 2 20,0,70,,6540,1,0,63 11 2 64 2 20,0,30,,3127,1,0,63 11 2 64 2 20,0,70,,3938,1,0,63 11 2 64 2 20,0,30,,4602,1,0,63 11 2 64 2 20,0,70,,6541,1,0,63 11 2 64 2 20,0,30,,3541,1,0,63 11 2 64 2 20,0,70,,4014,1,0,63 11 2 64 2 20,0,30,,6530,1,0,63 11 2 64 2 20,0,70,,6543,1,0,63 11 2 64 2 20,0,100,,6542,1,0,63 11 2 64 2 20,0,100,,6529,1,0,63 11 2 64 2 20,0,100,,2856,1,0,63 11 2 64 2 20,0,100,,6537,1,0,63 11 2 64 2 20,0,100,,6536,1,0,63 11 2 64 2 20,0,30,,6539,1,0,63 11 2 64 2 20,0,70,,6535,1,0,63 11 2 64 2 20,0,30,,6533,1,0,63 11 2 64 2 20,0,70,,6544,1,0,63 11 2 64 2 20,0,30,,6534,1,0,63 11 2 64 2 20,0,70,,448,1,0,63 11 2 64 2 20,0,30,,4402,1,0,63 11 2 64 2 20,0,70,,6532,1,0,63 11 2 64 2 20,0,30,,6531,1,0,63 11 2 64 2 20,0
1301,'1',542,,6546,26,4,,0,70,,5183,26,4,,0,30,,6548,26,4,,0,70,,6558,26,4,,0,30,,6547,26,4,,0,70,,6557,26,4,,0,30,,6545,26,4,,0,70,,4854,26,4,,0,30,,6556,26,4,,0,70,,2324,26,4,,0,100,,6554,26,4,,0,100,,6552,26,4,,0,100,,6560,26,4,,0,100,,6551,26,4,,0,100,,6549,26,4,,0,30,,4299,26,4,,0,70,,6550,26,4,,0,30,,6555,26,4,,0,70,,1035,26,4,,0,30,,6562,26,4,,0,70,,6561,26,4,,0,30,,6553,26,4,,0,70,,6559,26,4,,0,30,,5192,26,4,,0,70,,5216,26,4,,0
1301,'2',542,,6575,26,4,,0,70,,6576,26,4,,0,30,,6571,26,4,,0,70,,6572,26,4,,0,30,,6579,26,4,,0,70,,6569,26,4,,0,30,,4758,26,4,,0,70,,6566,26,4,,0,30,,4285,26,4,,0,70,,6581,26,4,,0,100,,6567,26,4,,0,100,,6565,26,4,,0,100,,4477,26,4,,0,100,,6573,26,4,,0,100,,6570,26,4,,0,30,,6563,26,4,,0,70,,6568,26,4,,0,30,,3956,26,4,,0,70,,6578,26,4,,0,30,,6577,26,4,,0,70,,4288,26,4,,0,30,,3221,26,4,,0,70,,6580,26,4,,0,30,,6574,26,4,,0,70,,6564,26,4,,0
1301,'3',842,,6588,26,4,,0,100,,6586,26,4,,0,100,,6590,26,4,,0,100,,6585,26,4,,0,100,,6584,26,4,,0,100,,4711,26,4,,0,100,,4972,26,4,,0,100,,6589,26,4,,0,100,,6587,26,4,,0,100,,6583,26,4,,0,100,,3996,26,4,,0,100,,6582,26,4,,0
1301,'4',542,,4324,26,4,,0,70,,6591,26,4,,0,30,,6596,26,4,,0,70,,6607,26,4,,0,30,,6598,26,4,,0,70,,6608,26,4,,0,30,,6604,26,4,,0,70,,6601,26,4,,0,30,,6603,26,4,,0,70,,6599,26,4,,0,100,,5094,26,4,,0,100,,6594,26,4,,0,100,,6592,26,4,,0,100,,3839,26,4,,0,100,,6602,26,4,,0,30,,6609,26,4,,0,70,,1316,26,4,,0,30,,6600,26,4,,0,70,,6593,26,4,,0,30,,6606,26,4,,0,70,,1126,26,4,,0,30,,6597,26,4,,0,70,,6605,26,4,,0,30,,4814,26,4,,0,70,,6595,26,4,,0
15100,'1',1603,,6973,25,0,20,0
15101,'1',824,,6974,13,0,75 1 76,0
