101,'1',521,,5385,9,0,40 41 42 43,0,30,,480,17,0,40 41 42 43,0,70,,4064,17,0,40 41 42 43,0,30,,4372,17,0,40 41 42 43,0,70,,3886,17,0,40 41 42 43,0,30,,5396,17,0,40 41 42 43,0,70,,1462,17,0,40 41 42 43,0,30,,5399,17,0,40 41 42 43,0,70,,5390,17,0,40 41 42 43,0,30,,5398,17,0,40 41 42 43,0,70,,5394,17,0,40 41 42 43,0,30,,5397,17,0,40 41 42 43,0,70,,5402,17,0,40 41 42 43,0,30,,5403,17,0,40 41 42 43,0,70,,5407,17,0,40 41 42 43,0,30,,5391,17,0,40 41 42 43,0,70,,5389,17,0,40 41 42 43,0,30,,5387,17,0,40 41 42 43,0,70,,5014,17,0,40 41 42 43,0,30,,5401,17,0,40 41 42 43,0,70,,5384,17,0,40 41 42 43,0,30,,5393,17,0,40 41 42 43,0,70,,5406,17,0,40 41 42 43,0,30,,2882,17,0,40 41 42 43,0,70,,5381,17,0,40 41 42 43,0,30,,71,17,0,40 41 42 43,0,70,,5382,17,0,40 41 42 43,0,30,,5388,17,0,40 41 42 43,0,70,,4859,17,0,40 41 42 43,0,30,,5386,17,0,40 41 42 43,0,70,,5395,17,0,40 41 42 43,0,30,,4235,17,0,40 41 42 43,0,70,,1602,17,0,40 41 42 43,0,30,,5392,17,0,40 41 42 43,0,70,,5383,17,0,40 41 42 43,0,30,,5400,17,0,40 41 42 43,0,70,,5404,17,0,40 41 42 43,0
101,'2',521,,5427,9,0,40 41 42 43,0,30,,5410,17,0,40 41 42 43,0,70,,5413,17,0,40 41 42 43,0,30,,5426,17,0,40 41 42 43,0,70,,4211,17,0,40 41 42 43,0,30,,5417,17,0,40 41 42 43,0,70,,5408,17,0,40 41 42 43,0,30,,5425,17,0,40 41 42 43,0,70,,5409,17,0,40 41 42 43,0,30,,5420,17,0,40 41 42 43,0,70,,5267,17,0,40 41 42 43,0,30,,5429,17,0,40 41 42 43,0,70,,5411,17,0,40 41 42 43,0,30,,5432,17,0,40 41 42 43,0,70,,3088,17,0,40 41 42 43,0,30,,5416,17,0,40 41 42 43,0,70,,5423,17,0,40 41 42 43,0,30,,5421,17,0,40 41 42 43,0,70,,5430,17,0,40 41 42 43,0,30,,3947,17,0,40 41 42 43,0,70,,5434,17,0,40 41 42 43,0,30,,3753,17,0,40 41 42 43,0,70,,5424,17,0,40 41 42 43,0,30,,5419,17,0,40 41 42 43,0,70,,5422,17,0,40 41 42 43,0,30,,2754,17,0,40 41 42 43,0,70,,3855,17,0,40 41 42 43,0,30,,5414,17,0,40 41 42 43,0,70,,5415,17,0,40 41 42 43,0,30,,5418,17,0,40 41 42 43,0,70,,5428,17,0,40 41 42 43,0,30,,5412,17,0,40 41 42 43,0,70,,5433,17,0,40 41 42 43,0,30,,4896,17,0,40 41 42 43,0,70,,4605,17,0,40 41 42 43,0,30,,3677,17,0,40 41 42 43,0,70,,3396,17,0,40 41 42 43,0
101,'3',821,,4871,9,0,40 41 42 43,0,30,,5451,17,0,40 41 42 43,0,70,,5446,17,0,40 41 42 43,0,30,,5452,17,0,40 41 42 43,0,70,,5453,17,0,40 41 42 43,0,30,,5437,17,0,40 41 42 43,0,70,,4867,17,0,40 41 42 43,0,30,,5438,17,0,40 41 42 43,0,70,,5441,17,0,40 41 42 43,0,30,,5436,17,0,40 41 42 43,0,70,,4706,17,0,40 41 42 43,0,30,,5445,17,0,40 41 42 43,0,70,,5435,17,0,40 41 42 43,0,30,,5450,17,0,40 41 42 43,0,70,,4452,17,0,40 41 42 43,0,30,,5442,17,0,40 41 42 43,0,70,,5443,17,0,40 41 42 43,0,30,,5448,17,0,40 41 42 43,0,70,,4806,17,0,40 41 42 43,0,30,,5440,17,0,40 41 42 43,0,70,,5447,17,0,40 41 42 43,0,30,,5449,17,0,40 41 42 43,0,70,,5439,17,0,40 41 42 43,0,30,,5444,17,0,40 41 42 43,0
101,'4',521,,5454,9,0,40 41 42 43,0,30,,5469,17,0,40 41 42 43,0,70,,4813,17,0,40 41 42 43,0,30,,1827,17,0,40 41 42 43,0,70,,5462,17,0,40 41 42 43,0,30,,5480,17,0,40 41 42 43,0,70,,5478,17,0,40 41 42 43,0,30,,5461,17,0,40 41 42 43,0,70,,5456,17,0,40 41 42 43,0,30,,5476,17,0,40 41 42 43,0,70,,5483,17,0,40 41 42 43,0,30,,5471,17,0,40 41 42 43,0,70,,5479,17,0,40 41 42 43,0,30,,3652,17,0,40 41 42 43,0,70,,5477,17,0,40 41 42 43,0,30,,5463,17,0,40 41 42 43,0,70,,3830,17,0,40 41 42 43,0,30,,5472,17,0,40 41 42 43,0,70,,4931,17,0,40 41 42 43,0,30,,170,17,0,40 41 42 43,0,70,,5468,17,0,40 41 42 43,0,30,,5470,17,0,40 41 42 43,0,70,,5481,17,0,40 41 42 43,0,30,,5458,17,0,40 41 42 43,0,70,,5460,17,0,40 41 42 43,0,30,,5482,17,0,40 41 42 43,0,70,,5464,17,0,40 41 42 43,0,30,,5474,17,0,40 41 42 43,0,70,,5457,17,0,40 41 42 43,0,30,,5475,17,0,40 41 42 43,0,70,,5466,17,0,40 41 42 43,0,30,,5459,17,0,40 41 42 43,0,70,,5467,17,0,40 41 42 43,0,30,,5484,17,0,40 41 42 43,0,70,,4469,17,0,40 41 42 43,0,30,,5473,17,0,40 41 42 43,0,70,,5465,17,0,40 41 42 43,0
201,'1',535,,5578,40,0,18,0,70,,5585,40,0,18,0,30,,4691,40,0,18,0,70,,5594,40,0,18,0,30,,5584,40,0,18,0,70,,5598,40,0,18,0,30,,599,40,0,18,0,70,,5599,40,0,18,0,30,,5596,40,0,18,0,70,,588,40,0,18,0,30,,5125,40,0,18,0,70,,5586,40,0,18,0,30,,5595,40,0,18,0,70,,3081,40,0,18,0,30,,4150,40,0,18,0,70,,5600,40,0,18,0,30,,5591,40,0,18,0,70,,5592,40,0,18,0,30,,4572,40,0,18,0,70,,2321,40,0,18,0,30,,5588,40,0,18,0,70,,5601,40,0,18,0,30,,5583,40,0,18,0,70,,5597,40,0,18,0,30,,5582,40,0,18,0,70,,5580,40,0,18,0,30,,5587,40,0,18,0,70,,5590,40,0,18,0,30,,2997,40,0,18,0,70,,5579,40,0,18,0,30,,5593,40,0,18,0,70,,5581,40,0,18,0,30,,5589,40,0,18,0,70,,5602,40,0,18,0,30,,5577,40,0,18,0,70,,5603,40,0,18,0
201,'2',535,,4557,40,0,18,0,70,,5623,40,0,18,0,30,,4672,40,0,18,0,70,,5630,40,0,18,0,30,,5244,40,0,18,0,70,,5611,40,0,18,0,30,,3571,40,0,18,0,70,,5616,40,0,18,0,30,,5625,40,0,18,0,70,,5629,40,0,18,0,30,,5609,40,0,18,0,70,,5627,40,0,18,0,30,,4547,40,0,18,0,70,,5617,40,0,18,0,30,,5618,40,0,18,0,70,,5621,40,0,18,0,30,,5610,40,0,18,0,70,,5615,40,0,18,0,30,,5622,40,0,18,0,70,,5619,40,0,18,0,30,,5613,40,0,18,0,70,,4273,40,0,18,0,30,,5626,40,0,18,0,70,,5628,40,0,18,0,30,,5614,40,0,18,0,70,,4028,40,0,18,0,30,,5604,40,0,18,0,70,,5605,40,0,18,0,30,,251,40,0,18,0,70,,5608,40,0,18,0,30,,5607,40,0,18,0,70,,5624,40,0,18,0,30,,3626,40,0,18,0,70,,5620,40,0,18,0,30,,5606,40,0,18,0,70,,5612,40,0,18,0
201,'3',835,,5640,40,0,18,0,70,,5633,40,0,18,0,30,,5133,40,0,18,0,70,,5645,40,0,18,0,30,,5631,40,0,18,0,70,,5136,40,0,18,0,30,,5651,40,0,18,0,70,,5635,40,0,18,0,30,,5636,40,0,18,0,70,,5634,40,0,18,0,30,,5632,40,0,18,0,70,,5647,40,0,18,0,30,,5639,40,0,18,0,70,,5650,40,0,18,0,30,,5642,40,0,18,0,70,,5638,40,0,18,0,30,,5646,40,0,18,0,70,,5644,40,0,18,0,30,,5637,40,0,18,0,70,,5649,40,0,18,0,30,,5643,40,0,18,0,70,,5648,40,0,18,0,30,,5641,40,0,18,0,70,,1538,40,0,18,0
201,'4',535,,3823,40,0,18,0,70,,5663,40,0,18,0,30,,3060,40,0,18,0,70,,5657,40,0,18,0,30,,5668,40,0,18,0,70,,5661,40,0,18,0,30,,1303,40,0,18,0,70,,5144,40,0,18,0,30,,4533,40,0,18,0,70,,5659,40,0,18,0,30,,5664,40,0,18,0,70,,5674,40,0,18,0,30,,5666,40,0,18,0,70,,5675,40,0,18,0,30,,5671,40,0,18,0,70,,5038,40,0,18,0,30,,5655,40,0,18,0,70,,5653,40,0,18,0,30,,5652,40,0,18,0,70,,2465,40,0,18,0,30,,5658,40,0,18,0,70,,5669,40,0,18,0,30,,4400,40,0,18,0,70,,5676,40,0,18,0,30,,5670,40,0,18,0,70,,5149,40,0,18,0,30,,5656,40,0,18,0,70,,5672,40,0,18,0,30,,3272,40,0,18,0,70,,4335,40,0,18,0,30,,5660,40,0,18,0,70,,5673,40,0,18,0,30,,5654,40,0,18,0,70,,5667,40,0,18,0,30,,5662,40,0,18,0,70,,5665,40,0,18,0
301,'1',534,,5748,20,0,65 2 64,0,70,,4629,20,0,65 2 64,0,30,,5759,20,0,65 2 64,0,70,,5767,20,0,65 2 64,0,30,,5753,20,0,65 2 64,0,70,,5745,20,0,65 2 64,0,30,,5770,20,0,65 2 64,0,70,,5747,20,0,65 2 64,0,30,,4500,20,0,65 2 64,0,70,,3009,20,0,65 2 64,0,30,,5746,20,0,65 2 64,0,70,,5766,20,0,65 2 64,0,30,,2239,20,0,65 2 64,0,70,,3878,20,0,65 2 64,0,30,,5749,20,0,65 2 64,0,70,,5769,20,0,65 2 64,0,30,,5755,20,0,65 2 64,0,70,,5768,20,0,65 2 64,0,30,,5752,20,0,65 2 64,0,70,,5763,20,0,65 2 64,0,30,,5758,20,0,65 2 64,0,70,,5765,20,0,65 2 64,0,30,,3190,20,0,65 2 64,0,70,,5760,20,0,65 2 64,0,30,,5757,20,0,65 2 64,0,70,,5744,20,0,65 2 64,0,30,,5756,20,0,65 2 64,0,70,,5750,20,0,65 2 64,0,30,,5762,20,0,65 2 64,0,70,,3969,20,0,65 2 64,0,30,,5761,20,0,65 2 64,0,100,,5764,20,0,65 2 64,0,100,,5754,20,0,65 2 64,0,100,,5751,20,0,65 2 64,0
301,'2',534,,5777,20,0,65 2 64,0,70,,5793,20,0,65 2 64,0,30,,5785,20,0,65 2 64,0,70,,5790,20,0,65 2 64,0,30,,5786,20,0,65 2 64,0,70,,3951,20,0,65 2 64,0,30,,5780,20,0,65 2 64,0,70,,5789,20,0,65 2 64,0,30,,5787,20,0,65 2 64,0,70,,5781,20,0,65 2 64,0,30,,5782,20,0,65 2 64,0,70,,5778,20,0,65 2 64,0,30,,5792,20,0,65 2 64,0,70,,4754,20,0,65 2 64,0,30,,5771,20,0,65 2 64,0,70,,3558,20,0,65 2 64,0,30,,4606,20,0,65 2 64,0,70,,5774,20,0,65 2 64,0,30,,5779,20,0,65 2 64,0,70,,2752,20,0,65 2 64,0,30,,5784,20,0,65 2 64,0,70,,5772,20,0,65 2 64,0,30,,3393,20,0,65 2 64,0,70,,5773,20,0,65 2 64,0,30,,4546,20,0,65 2 64,0,70,,5776,20,0,65 2 64,0,30,,5775,20,0,65 2 64,0,70,,5198,20,0,65 2 64,0,30,,4136,20,0,65 2 64,0,70,,5783,20,0,65 2 64,0,30,,5232,20,0,65 2 64,0,100,,5788,20,0,65 2 64,0,100,,5791,20,0,65 2 64,0,100,,5794,20,0,65 2 64,0
301,'3',834,,5798,20,0,65 2 64,0,100,,5805,20,0,65 2 64,0,100,,4712,20,0,65 2 64,0,100,,5797,20,0,65 2 64,0,100,,5803,20,0,65 2 64,0,100,,5802,20,0,65 2 64,0,100,,5796,20,0,65 2 64,0,100,,5801,20,0,65 2 64,0,100,,5799,20,0,65 2 64,0,100,,5804,20,0,65 2 64,0,100,,5795,20,0,65 2 64,0,100,,5800,20,0,65 2 64,0
301,'4',534,,5825,20,0,65 2 64,0,70,,567,20,0,65 2 64,0,30,,5810,20,0,65 2 64,0,70,,5820,20,0,65 2 64,0,30,,3706,20,0,65 2 64,0,70,,5808,20,0,65 2 64,0,30,,5828,20,0,65 2 64,0,70,,5830,20,0,65 2 64,0,30,,5822,20,0,65 2 64,0,70,,5833,20,0,65 2 64,0,30,,5819,20,0,65 2 64,0,70,,5812,20,0,65 2 64,0,30,,5807,20,0,65 2 64,0,70,,5816,20,0,65 2 64,0,30,,5827,20,0,65 2 64,0,70,,2111,20,0,65 2 64,0,30,,5814,20,0,65 2 64,0,70,,5811,20,0,65 2 64,0,30,,5823,20,0,65 2 64,0,70,,3046,20,0,65 2 64,0,30,,4394,20,0,65 2 64,0,70,,5826,20,0,65 2 64,0,30,,5824,20,0,65 2 64,0,70,,5831,20,0,65 2 64,0,30,,5815,20,0,65 2 64,0,70,,5829,20,0,65 2 64,0,30,,5809,20,0,65 2 64,0,70,,5832,20,0,65 2 64,0,30,,5821,20,0,65 2 64,0,70,,5813,20,0,65 2 64,0,30,,5818,20,0,65 2 64,0,100,,5806,20,0,65 2 64,0,100,,4319,20,0,65 2 64,0,100,,5817,20,0,65 2 64,0
15100,'1',1554,,6973,14,0,20,0
15101,'1',815,,6974,2,0,75 1 76,0
