1000,'1',536,,2276,25,0,32,0,70,,6006,25,0,32,0,30,,2410,25,0,32,0,70,,6002,25,0,32,0,30,,6003,25,0,32,0,70,,5996,25,0,32,0,30,,4636,25,0,32,0,70,,5994,25,0,32,0,30,,4559,25,0,32,0,70,,2809,25,0,32,0,30,,5177,25,0,32,0,70,,5999,25,0,32,0,30,,4850,25,0,32,0,70,,6004,25,0,32,0,30,,6005,25,0,32,0,70,,5993,25,0,32,0,30,,2812,25,0,32,0,70,,5998,25,0,32,0,30,,5006,25,0,32,0,70,,6008,25,0,32,0,30,,5064,25,0,32,0,70,,4157,25,0,32,0,30,,6009,25,0,32,0,70,,6001,25,0,32,0,30,,5995,25,0,32,0,70,,4563,25,0,32,0,30,,4061,25,0,32,0,70,,6000,25,0,32,0,30,,5997,25,0,32,0,70,,5992,25,0,32,0
1000,'2',536,,723,25,0,32,0,70,,2421,25,0,32,0,30,,5259,25,0,32,0,70,,6016,25,0,32,0,30,,6013,25,0,32,0,70,,6030,25,0,32,0,30,,6014,25,0,32,0,70,,6019,25,0,32,0,30,,6015,25,0,32,0,70,,6022,25,0,32,0,30,,6011,25,0,32,0,70,,4280,25,0,32,0,30,,866,25,0,32,0,70,,4609,25,0,32,0,30,,6026,25,0,32,0,70,,6027,25,0,32,0,30,,5112,25,0,32,0,70,,6028,25,0,32,0,30,,6010,25,0,32,0,70,,6023,25,0,32,0,30,,6017,25,0,32,0,70,,6029,25,0,32,0,30,,6018,25,0,32,0,70,,4895,25,0,32,0,30,,4555,25,0,32,0,70,,6012,25,0,32,0,30,,6025,25,0,32,0,70,,6024,25,0,32,0,30,,4036,25,0,32,0,70,,6021,25,0,32,0
1000,'3',836,,4381,25,0,32,0,100,,6040,25,0,32,0,100,,6036,25,0,32,0,100,,6032,25,0,32,0,100,,6039,25,0,32,0,100,,6031,25,0,32,0,100,,6033,25,0,32,0,100,,6035,25,0,32,0,100,,6037,25,0,32,0,100,,3521,25,0,32,0,100,,6038,25,0,32,0,100,,6034,25,0,32,0
1000,'4',536,,2918,25,0,32,0,70,,6045,25,0,32,0,30,,6052,25,0,32,0,70,,6041,25,0,32,0,30,,2631,25,0,32,0,70,,6060,25,0,32,0,30,,6064,25,0,32,0,70,,6044,25,0,32,0,30,,6058,25,0,32,0,70,,6059,25,0,32,0,30,,6054,25,0,32,0,70,,6066,25,0,32,0,30,,6057,25,0,32,0,70,,6063,25,0,32,0,30,,6043,25,0,32,0,70,,6047,25,0,32,0,30,,4103,25,0,32,0,70,,6056,25,0,32,0,30,,6055,25,0,32,0,70,,6048,25,0,32,0,30,,4262,25,0,32,0,70,,6067,25,0,32,0,30,,6046,25,0,32,0,70,,6053,25,0,32,0,30,,6042,25,0,32,0,70,,6049,25,0,32,0,30,,6062,25,0,32,0,70,,6051,25,0,32,0,30,,6061,25,0,32,0,70,,6065,25,0,32,0
12100,'1',1558,,6936,12,0,27 28,0
12101,'1',828,,6937,4,0,27 28,0
13700,'1',1534,,6956,16,0,100 10 11 31 3 27 16,0
13701,'1',738,,6957,4,0,33,0
14401,'1',813,,6968,6,0,24,0
15200,'1',1601,,6975,18,0,54 93 105 100 10 11,0
15201,'1',821,,4690,11,0,75 1 76,0,0,,6976,8,0,75 1 76,0
