1501,'1',555,,6678,17,0,38 2 39,0,70,,6680,17,0,38 2 39,0,30,,4375,17,0,38 2 39,0,70,,2327,17,0,38 2 39,0,30,,3728,17,0,38 2 39,0,70,,6681,17,0,38 2 39,0,30,,6669,17,0,38 2 39,0,70,,6670,17,0,38 2 39,0,30,,6675,17,0,38 2 39,0,100,,4564,17,0,38 2 39,0,100,,6683,17,0,38 2 39,0,100,,6677,17,0,38 2 39,0,100,,6672,17,0,38 2 39,0,100,,6671,17,0,38 2 39,0,70,,6682,17,0,38 2 39,0,30,,6676,17,0,38 2 39,0,70,,6673,17,0,38 2 39,0,30,,6679,17,0,38 2 39,0,70,,1574,17,0,38 2 39,0,30,,3977,17,0,38 2 39,0,70,,6674,17,0,38 2 39,0,30,,6684,17,0,38 2 39,0,100,,2654,17,0,38 2 39,0
1501,'2',555,,3154,17,0,38 2 39,0,70,,6692,17,0,38 2 39,0,30,,6691,17,0,38 2 39,0,70,,6702,17,0,38 2 39,0,30,,6689,17,0,38 2 39,0,70,,6700,17,0,38 2 39,0,30,,4836,17,0,38 2 39,0,70,,6698,17,0,38 2 39,0,30,,6693,17,0,38 2 39,0,100,,6686,17,0,38 2 39,0,100,,6690,17,0,38 2 39,0,100,,6697,17,0,38 2 39,0,100,,6695,17,0,38 2 39,0,100,,6696,17,0,38 2 39,0,70,,6701,17,0,38 2 39,0,30,,975,17,0,38 2 39,0,70,,6687,17,0,38 2 39,0,30,,6699,17,0,38 2 39,0,70,,6685,17,0,38 2 39,0,30,,5265,17,0,38 2 39,0,70,,3945,17,0,38 2 39,0,30,,6694,17,0,38 2 39,0,100,,6688,17,0,38 2 39,0
1501,'3',858,,4000,17,0,38 2 39,0,100,,6706,17,0,38 2 39,0,100,,6712,17,0,38 2 39,0,100,,6708,17,0,38 2 39,0,100,,6713,17,0,38 2 39,0,100,,6710,17,0,38 2 39,0,100,,6711,17,0,38 2 39,0,100,,6705,17,0,38 2 39,0,100,,6704,17,0,38 2 39,0,100,,6709,17,0,38 2 39,0,100,,6707,17,0,38 2 39,0,100,,6703,17,0,38 2 39,0
1501,'4',555,,6722,17,0,38 2 39,0,70,,6715,17,0,38 2 39,0,30,,432,17,0,38 2 39,0,70,,6721,17,0,38 2 39,0,30,,6728,17,0,38 2 39,0,70,,6723,17,0,38 2 39,0,30,,6725,17,0,38 2 39,0,70,,4472,17,0,38 2 39,0,30,,6714,17,0,38 2 39,0,100,,6717,17,0,38 2 39,0,100,,6724,17,0,38 2 39,0,100,,5037,17,0,38 2 39,0,100,,4023,17,0,38 2 39,0,100,,6719,17,0,38 2 39,0,70,,1658,17,0,38 2 39,0,30,,6727,17,0,38 2 39,0,70,,6726,17,0,38 2 39,0,30,,333,17,0,38 2 39,0,70,,6716,17,0,38 2 39,0,30,,6729,17,0,38 2 39,0,70,,6718,17,0,38 2 39,0,30,,6720,17,0,38 2 39,0,100,,1222,17,0,38 2 39,0
1601,'1',534,,6816,4,0,66 67,0,70,,6812,4,0,66 67,0,30,,6822,4,0,66 67,0,70,,6829,4,0,66 67,0,30,,6819,4,0,66 67,0,70,,6813,4,0,66 67,0,30,,6818,4,0,66 67,0,70,,1935,4,0,66 67,0,30,,6820,4,0,66 67,0,70,,6809,4,0,66 67,0,30,,6814,4,0,66 67,0,70,,6810,4,0,66 67,0,30,,6832,4,0,66 67,0,70,,6821,4,0,66 67,0,30,,6817,4,0,66 67,0,70,,6828,4,0,66 67,0,30,,6824,4,0,66 67,0,70,,1142,4,0,66 67,0,30,,6830,4,0,66 67,0,70,,6815,4,0,66 67,0,30,,6831,4,0,66 67,0,70,,3791,4,0,66 67,0,30,,5221,4,0,66 67,0,70,,1332,4,0,66 67,0,30,,6811,4,0,66 67,0,70,,4073,4,0,66 67,0,30,,6827,4,0,66 67,0,70,,6823,4,0,66 67,0,30,,6826,4,0,66 67,0,70,,6825,4,0,66 67,0
1601,'2',534,,6843,4,0,66 67,0,70,,6836,4,0,66 67,0,30,,6847,4,0,66 67,0,70,,4341,4,0,66 67,0,30,,6841,4,0,66 67,0,70,,6839,4,0,66 67,0,30,,6842,4,0,66 67,0,70,,6851,4,0,66 67,0,30,,6834,4,0,66 67,0,70,,6837,4,0,66 67,0,30,,4212,4,0,66 67,0,70,,4898,4,0,66 67,0,30,,6846,4,0,66 67,0,70,,4493,4,0,66 67,0,30,,6850,4,0,66 67,0,70,,6835,4,0,66 67,0,30,,4488,4,0,66 67,0,70,,6852,4,0,66 67,0,30,,6848,4,0,66 67,0,70,,4217,4,0,66 67,0,30,,4352,4,0,66 67,0,70,,6838,4,0,66 67,0,30,,1063,4,0,66 67,0,70,,6840,4,0,66 67,0,30,,512,4,0,66 67,0,70,,4045,4,0,66 67,0,30,,6849,4,0,66 67,0,70,,6844,4,0,66 67,0,30,,6845,4,0,66 67,0,70,,6833,4,0,66 67,0
1601,'3',905,,6856,4,0,66 67,0,100,,6858,4,0,66 67,0,100,,6862,4,0,66 67,0,100,,6857,4,0,66 67,0,100,,6855,4,0,66 67,0,100,,6861,4,0,66 67,0,100,,6854,4,0,66 67,0,100,,5137,4,0,66 67,0,100,,6863,4,0,66 67,0,100,,6860,4,0,66 67,0,100,,6859,4,0,66 67,0,100,,6853,4,0,66 67,0
1601,'4',534,,6866,4,0,66 67,0,70,,6872,4,0,66 67,0,30,,6868,4,0,66 67,0,70,,6871,4,0,66 67,0,30,,6875,4,0,66 67,0,70,,4401,4,0,66 67,0,30,,3359,4,0,66 67,0,70,,4096,4,0,66 67,0,30,,6874,4,0,66 67,0,70,,6864,4,0,66 67,0,30,,6869,4,0,66 67,0,70,,2372,4,0,66 67,0,30,,6879,4,0,66 67,0,70,,6867,4,0,66 67,0,30,,4821,4,0,66 67,0,70,,6876,4,0,66 67,0,30,,4022,4,0,66 67,0,70,,6870,4,0,66 67,0,30,,4655,4,0,66 67,0,70,,6873,4,0,66 67,0,30,,5147,4,0,66 67,0,70,,6865,4,0,66 67,0,30,,3828,4,0,66 67,0,70,,6882,4,0,66 67,0,30,,6881,4,0,66 67,0,70,,4254,4,0,66 67,0,30,,4604,4,0,66 67,0,70,,6877,4,0,66 67,0,30,,6880,4,0,66 67,0,70,,6878,4,0,66 67,0
11201,'1',749,,214,19,,,0
13201,'1',747,,3614,4,0,33,0
13901,'1',745,,6960,13,,,0
