1000,'1',535,,2276,24,0,32,0,70,,6006,24,0,32,0,30,,2410,24,0,32,0,70,,6002,24,0,32,0,30,,6003,24,0,32,0,70,,5996,24,0,32,0,30,,4636,24,0,32,0,70,,5994,24,0,32,0,30,,4559,24,0,32,0,70,,2809,24,0,32,0,30,,5177,24,0,32,0,70,,5999,24,0,32,0,30,,4850,24,0,32,0,70,,6004,24,0,32,0,30,,6005,24,0,32,0,70,,5993,24,0,32,0,30,,2812,24,0,32,0,70,,5998,24,0,32,0,30,,5006,24,0,32,0,70,,6008,24,0,32,0,30,,5064,24,0,32,0,70,,4157,24,0,32,0,30,,6009,24,0,32,0,70,,6001,24,0,32,0,30,,5995,24,0,32,0,70,,4563,24,0,32,0,30,,4061,24,0,32,0,70,,6000,24,0,32,0,30,,5997,24,0,32,0,70,,5992,24,0,32,0
1000,'2',535,,723,24,0,32,0,70,,2421,24,0,32,0,30,,5259,24,0,32,0,70,,6016,24,0,32,0,30,,6013,24,0,32,0,70,,6030,24,0,32,0,30,,6014,24,0,32,0,70,,6019,24,0,32,0,30,,6015,24,0,32,0,70,,6022,24,0,32,0,30,,6011,24,0,32,0,70,,4280,24,0,32,0,30,,866,24,0,32,0,70,,4609,24,0,32,0,30,,6026,24,0,32,0,70,,6027,24,0,32,0,30,,5112,24,0,32,0,70,,6028,24,0,32,0,30,,6010,24,0,32,0,70,,6023,24,0,32,0,30,,6017,24,0,32,0,70,,6029,24,0,32,0,30,,6018,24,0,32,0,70,,4895,24,0,32,0,30,,4555,24,0,32,0,70,,6012,24,0,32,0,30,,6025,24,0,32,0,70,,6024,24,0,32,0,30,,4036,24,0,32,0,70,,6021,24,0,32,0
1000,'3',835,,4381,24,0,32,0,100,,6040,24,0,32,0,100,,6036,24,0,32,0,100,,6032,24,0,32,0,100,,6039,24,0,32,0,100,,6031,24,0,32,0,100,,6033,24,0,32,0,100,,6035,24,0,32,0,100,,6037,24,0,32,0,100,,3521,24,0,32,0,100,,6038,24,0,32,0,100,,6034,24,0,32,0
1000,'4',535,,2918,24,0,32,0,70,,6045,24,0,32,0,30,,6052,24,0,32,0,70,,6041,24,0,32,0,30,,2631,24,0,32,0,70,,6060,24,0,32,0,30,,6064,24,0,32,0,70,,6044,24,0,32,0,30,,6058,24,0,32,0,70,,6059,24,0,32,0,30,,6054,24,0,32,0,70,,6066,24,0,32,0,30,,6057,24,0,32,0,70,,6063,24,0,32,0,30,,6043,24,0,32,0,70,,6047,24,0,32,0,30,,4103,24,0,32,0,70,,6056,24,0,32,0,30,,6055,24,0,32,0,70,,6048,24,0,32,0,30,,4262,24,0,32,0,70,,6067,24,0,32,0,30,,6046,24,0,32,0,70,,6053,24,0,32,0,30,,6042,24,0,32,0,70,,6049,24,0,32,0,30,,6062,24,0,32,0,70,,6051,24,0,32,0,30,,6061,24,0,32,0,70,,6065,24,0,32,0
12100,'1',1603,,6936,15,0,27 28,0
12101,'1',833,,6937,7,0,27 28,0
13700,'1',1539,,6956,20,0,100 10 11 31 3 27 16,0
13701,'1',743,,6957,8,0,33,0
14401,'1',810,,6968,3,0,24,0
15200,'1',1604,,6975,22,0,54 93 105 100 10 11,0
15201,'1',824,,4690,14,0,75 1 76,0,0,,6976,11,0,75 1 76,0
