400,'1',544,,5180,25,0,21 2 22 23,0,70,,5835,25,0,21 2 22 23,0,30,,5840,25,0,21 2 22 23,0,70,,5849,25,0,21 2 22 23,0,30,,5843,25,0,21 2 22 23,0,70,,3789,25,0,21 2 22 23,0,30,,5845,25,0,21 2 22 23,0,70,,5848,25,0,21 2 22 23,0,30,,5856,25,0,21 2 22 23,0,70,,4693,25,0,21 2 22 23,0,30,,5850,25,0,21 2 22 23,0,70,,5854,25,0,21 2 22 23,0,30,,4695,25,0,21 2 22 23,0,70,,5839,25,0,21 2 22 23,0,30,,5837,25,0,21 2 22 23,0,70,,5846,25,0,21 2 22 23,0,30,,5211,25,0,21 2 22 23,0,70,,5838,25,0,21 2 22 23,0,30,,3137,25,0,21 2 22 23,0,70,,5842,25,0,21 2 22 23,0,30,,5847,25,0,21 2 22 23,0,70,,4514,25,0,21 2 22 23,0,30,,5853,25,0,21 2 22 23,0,70,,5851,25,0,21 2 22 23,0,30,,3875,25,0,21 2 22 23,0,70,,3983,25,0,21 2 22 23,0,30,,923,25,0,21 2 22 23,0,70,,5852,25,0,21 2 22 23,0,30,,5841,25,0,21 2 22 23,0,70,,5844,25,0,21 2 22 23,0,100,,5834,25,0,21 2 22 23,0,100,,5855,25,0,21 2 22 23,0,100,,3500,25,0,21 2 22 23,0
400,'2',544,,5242,25,0,21 2 22 23,0,70,,5859,25,0,21 2 22 23,0,30,,5862,25,0,21 2 22 23,0,70,,3864,25,0,21 2 22 23,0,30,,5869,25,0,21 2 22 23,0,70,,5874,25,0,21 2 22 23,0,30,,5865,25,0,21 2 22 23,0,70,,5880,25,0,21 2 22 23,0,30,,5877,25,0,21 2 22 23,0,70,,5857,25,0,21 2 22 23,0,30,,5863,25,0,21 2 22 23,0,70,,5875,25,0,21 2 22 23,0,30,,5867,25,0,21 2 22 23,0,70,,5248,25,0,21 2 22 23,0,30,,4548,25,0,21 2 22 23,0,70,,5878,25,0,21 2 22 23,0,30,,3562,25,0,21 2 22 23,0,70,,3963,25,0,21 2 22 23,0,30,,5870,25,0,21 2 22 23,0,70,,5872,25,0,21 2 22 23,0,30,,5861,25,0,21 2 22 23,0,70,,5879,25,0,21 2 22 23,0,30,,5864,25,0,21 2 22 23,0,70,,5866,25,0,21 2 22 23,0,30,,5873,25,0,21 2 22 23,0,70,,3964,25,0,21 2 22 23,0,30,,5868,25,0,21 2 22 23,0,70,,5858,25,0,21 2 22 23,0,30,,5881,25,0,21 2 22 23,0,70,,5876,25,0,21 2 22 23,0,100,,5860,25,0,21 2 22 23,0,100,,4684,25,0,21 2 22 23,0,100,,640,25,0,21 2 22 23,0
400,'3',844,,5884,25,0,21 2 22 23,0,100,,5070,25,0,21 2 22 23,0,100,,5891,25,0,21 2 22 23,0,100,,5889,25,0,21 2 22 23,0,100,,3406,25,0,21 2 22 23,0,100,,5887,25,0,21 2 22 23,0,100,,5885,25,0,21 2 22 23,0,100,,5886,25,0,21 2 22 23,0,100,,3808,25,0,21 2 22 23,0,100,,5882,25,0,21 2 22 23,0,100,,5888,25,0,21 2 22 23,0,100,,5883,25,0,21 2 22 23,0
400,'4',544,,5893,25,0,21 2 22 23,0,70,,3919,25,0,21 2 22 23,0,30,,5905,25,0,21 2 22 23,0,70,,5902,25,0,21 2 22 23,0,30,,5900,25,0,21 2 22 23,0,70,,5901,25,0,21 2 22 23,0,30,,3927,25,0,21 2 22 23,0,70,,5892,25,0,21 2 22 23,0,30,,4178,25,0,21 2 22 23,0,70,,5906,25,0,21 2 22 23,0,30,,5903,25,0,21 2 22 23,0,70,,4337,25,0,21 2 22 23,0,30,,4332,25,0,21 2 22 23,0,70,,4668,25,0,21 2 22 23,0,30,,5894,25,0,21 2 22 23,0,70,,5897,25,0,21 2 22 23,0,30,,4252,25,0,21 2 22 23,0,70,,5895,25,0,21 2 22 23,0,30,,299,25,0,21 2 22 23,0,70,,5904,25,0,21 2 22 23,0,30,,5909,25,0,21 2 22 23,0,70,,3582,25,0,21 2 22 23,0,30,,5896,25,0,21 2 22 23,0,70,,2983,25,0,21 2 22 23,0,30,,2635,25,0,21 2 22 23,0,70,,4881,25,0,21 2 22 23,0,30,,5907,25,0,21 2 22 23,0,70,,5899,25,0,21 2 22 23,0,30,,5898,25,0,21 2 22 23,0,70,,3935,25,0,21 2 22 23,0,100,,5092,25,0,21 2 22 23,0,100,,3257,25,0,21 2 22 23,0,100,,5908,25,0,21 2 22 23,0
12100,'1',1610,,6936,21,4,,0
12101,'1',838,,6937,13,0,27 28,0
13700,'1',1544,,6956,26,0,100 10 11 31 3 27 16,0
13701,'1',747,,6957,14,0,33,0
14300,'1',1614,,2487,19,0,96 97 10 11 31 3 25 26,0
15200,'1',1610,,6975,28,4,,0
15201,'1',829,,6976,17,0,75 1 76,0
