401,'1',541,,4853,19,0,21 2 22 23,0,70,,5911,19,0,21 2 22 23,0,30,,5935,19,0,21 2 22 23,0,66,,5067,19,0,21 2 22 23,0,34,,5921,19,0,21 2 22 23,0,70,,5932,19,0,21 2 22 23,0,30,,5913,19,0,21 2 22 23,0,66,,5928,19,0,21 2 22 23,0,34,,5933,19,0,21 2 22 23,0,70,,2255,19,0,21 2 22 23,0,30,,5929,19,0,21 2 22 23,0,70,,3364,19,0,21 2 22 23,0,30,,5925,19,0,21 2 22 23,0,66,,5924,19,0,21 2 22 23,0,34,,5930,19,0,21 2 22 23,0,66,,5919,19,0,21 2 22 23,0,34,,5916,19,0,21 2 22 23,0,66,,5923,19,0,21 2 22 23,0,34,,5914,19,0,21 2 22 23,0,66,,5189,19,0,21 2 22 23,0,34,,5934,19,0,21 2 22 23,0,70,,5917,19,0,21 2 22 23,0,30,,5918,19,0,21 2 22 23,0,66,,5920,19,0,21 2 22 23,0,34,,5936,19,0,21 2 22 23,0,70,,5931,19,0,21 2 22 23,0,30,,4156,19,0,21 2 22 23,0,70,,3786,19,0,21 2 22 23,0,29,,5927,19,0,21 2 22 23,0,71,,4297,19,0,21 2 22 23,0,100,,5912,19,0,21 2 22 23,0,100,,5915,19,0,21 2 22 23,0,100,,5926,19,0,21 2 22 23,0
401,'2',537,,4893,19,0,21 2 22 23,0,74,,3101,19,0,21 2 22 23,0,26,,5939,19,0,21 2 22 23,0,70,,5943,19,0,21 2 22 23,0,30,,5954,19,0,21 2 22 23,0,74,,3946,19,0,21 2 22 23,0,26,,4889,19,0,21 2 22 23,0,70,,5946,19,0,21 2 22 23,0,30,,5949,19,0,21 2 22 23,0,74,,4204,19,0,21 2 22 23,0,26,,5937,19,0,21 2 22 23,0,74,,5953,19,0,21 2 22 23,0,26,,5956,19,0,21 2 22 23,0,74,,5944,19,0,21 2 22 23,0,30,,5168,19,0,21 2 22 23,0,66,,5938,19,0,21 2 22 23,0,30,,5952,19,0,21 2 22 23,0,74,,5942,19,0,21 2 22 23,0,26,,2172,19,0,21 2 22 23,0,70,,5109,19,0,21 2 22 23,0,30,,4413,19,0,21 2 22 23,0,74,,4479,19,0,21 2 22 23,0,26,,5940,19,0,21 2 22 23,0,70,,5941,19,0,21 2 22 23,0,30,,5945,19,0,21 2 22 23,0,74,,5950,19,0,21 2 22 23,0,26,,5254,19,0,21 2 22 23,0,74,,2512,19,0,21 2 22 23,0,29,,4827,19,0,21 2 22 23,0,71,,5948,19,0,21 2 22 23,0,96,,5951,19,0,21 2 22 23,0,104,,5947,19,0,21 2 22 23,0,96,,2217,19,0,21 2 22 23,0
401,'3',837,,5960,19,0,21 2 22 23,0,100,,4725,19,0,21 2 22 23,0,100,,5961,19,0,21 2 22 23,0,100,,4798,19,0,21 2 22 23,0,100,,5966,19,0,21 2 22 23,0,100,,5965,19,0,21 2 22 23,0,100,,5962,19,0,21 2 22 23,0,100,,5963,19,0,21 2 22 23,0,104,,5958,19,0,21 2 22 23,0,100,,5957,19,0,21 2 22 23,0,96,,5959,19,0,21 2 22 23,0,101,,5964,19,0,21 2 22 23,0
401,'4',537,,5982,19,0,21 2 22 23,0,74,,4019,19,0,21 2 22 23,0,26,,5977,19,0,21 2 22 23,0,70,,4176,19,0,21 2 22 23,0,30,,5984,19,0,21 2 22 23,0,74,,5973,19,0,21 2 22 23,0,26,,5974,19,0,21 2 22 23,0,70,,5989,19,0,21 2 22 23,0,30,,5987,19,0,21 2 22 23,0,74,,3056,19,0,21 2 22 23,0,26,,5971,19,0,21 2 22 23,0,74,,4260,19,0,21 2 22 23,0,26,,5972,19,0,21 2 22 23,0,70,,5988,19,0,21 2 22 23,0,34,,5991,19,0,21 2 22 23,0,66,,5975,19,0,21 2 22 23,0,34,,5978,19,0,21 2 22 23,0,70,,5985,19,0,21 2 22 23,0,26,,4730,19,0,21 2 22 23,0,70,,5983,19,0,21 2 22 23,0,34,,5967,19,0,21 2 22 23,0,66,,4114,19,0,21 2 22 23,0,30,,5990,19,0,21 2 22 23,0,70,,5970,19,0,21 2 22 23,0,34,,3485,19,0,21 2 22 23,0,70,,3825,19,0,21 2 22 23,0,26,,5969,19,0,21 2 22 23,0,74,,5986,19,0,21 2 22 23,0,27,,5976,19,0,21 2 22 23,0,73,,5979,19,0,21 2 22 23,0,96,,5981,19,0,21 2 22 23,0,104,,5980,19,0,21 2 22 23,0,96,,4192,19,0,21 2 22 23,0
1501,'1',605,,6678,24,0,38 2 39,0,30,,6680,24,0,38 2 39,0,70,,4375,24,0,38 2 39,0,30,,2327,24,0,38 2 39,0,70,,3728,24,0,38 2 39,0,30,,6681,24,0,38 2 39,0,70,,6669,24,0,38 2 39,0,30,,6670,24,0,38 2 39,0,70,,6675,24,0,38 2 39,0,100,,4564,24,0,38 2 39,0,100,,6683,24,0,38 2 39,0,100,,6677,24,0,38 2 39,0,100,,6672,24,0,38 2 39,0,100,,6671,24,0,38 2 39,0,30,,6682,24,0,38 2 39,0,70,,6676,24,0,38 2 39,0,30,,6673,24,0,38 2 39,0,70,,6679,24,0,38 2 39,0,30,,1574,24,0,38 2 39,0,70,,3977,24,0,38 2 39,0,30,,6674,24,0,38 2 39,0,70,,6684,24,0,38 2 39,0,100,,2654,24,0,38 2 39,0
1501,'2',605,,3154,24,0,38 2 39,0,30,,6692,24,0,38 2 39,0,70,,6691,24,0,38 2 39,0,30,,6702,24,0,38 2 39,0,70,,6689,24,0,38 2 39,0,30,,6700,24,0,38 2 39,0,70,,4836,24,0,38 2 39,0,30,,6698,24,0,38 2 39,0,70,,6693,24,0,38 2 39,0,100,,6686,24,0,38 2 39,0,100,,6690,24,0,38 2 39,0,100,,6697,24,0,38 2 39,0,100,,6695,24,0,38 2 39,0,100,,6696,24,0,38 2 39,0,30,,6701,24,0,38 2 39,0,70,,975,24,0,38 2 39,0,30,,6687,24,0,38 2 39,0,70,,6699,24,0,38 2 39,0,30,,6685,24,0,38 2 39,0,70,,5265,24,0,38 2 39,0,30,,3945,24,0,38 2 39,0,70,,6694,24,0,38 2 39,0,100,,6688,24,0,38 2 39,0
1501,'3',905,,4000,24,0,38 2 39,0,100,,6706,24,0,38 2 39,0,100,,6712,24,0,38 2 39,0,100,,6708,24,0,38 2 39,0,100,,6713,24,0,38 2 39,0,100,,6710,24,0,38 2 39,0,100,,6711,24,0,38 2 39,0,100,,6705,24,0,38 2 39,0,100,,6704,24,0,38 2 39,0,100,,6709,24,0,38 2 39,0,100,,6707,24,0,38 2 39,0,100,,6703,24,0,38 2 39,0
1501,'4',605,,6722,24,0,38 2 39,0,30,,6715,24,0,38 2 39,0,70,,432,24,0,38 2 39,0,30,,6721,24,0,38 2 39,0,70,,6728,24,0,38 2 39,0,30,,6723,24,0,38 2 39,0,70,,6725,24,0,38 2 39,0,30,,4472,24,0,38 2 39,0,70,,6714,24,0,38 2 39,0,100,,6717,24,0,38 2 39,0,100,,6724,24,0,38 2 39,0,100,,5037,24,0,38 2 39,0,100,,4023,24,0,38 2 39,0,100,,6719,24,0,38 2 39,0,30,,1658,24,0,38 2 39,0,70,,6727,24,0,38 2 39,0,30,,6726,24,0,38 2 39,0,70,,333,24,0,38 2 39,0,30,,6716,24,0,38 2 39,0,70,,6729,24,0,38 2 39,0,30,,6718,24,0,38 2 39,0,70,,6720,24,0,38 2 39,0,100,,1222,24,0,38 2 39,0
1601,'1',539,,6816,8,0,66 67,0,70,,6812,8,0,66 67,0,30,,6822,8,0,66 67,0,70,,6829,8,0,66 67,0,30,,6819,8,0,66 67,0,70,,6813,8,0,66 67,0,30,,6818,8,0,66 67,0,70,,1935,8,0,66 67,0,30,,6820,8,0,66 67,0,70,,6809,8,0,66 67,0,30,,6814,8,0,66 67,0,70,,6810,8,0,66 67,0,30,,6832,8,0,66 67,0,70,,6821,8,0,66 67,0,30,,6817,8,0,66 67,0,70,,6828,8,0,66 67,0,30,,6824,8,0,66 67,0,70,,1142,8,0,66 67,0,30,,6830,8,0,66 67,0,70,,6815,8,0,66 67,0,30,,6831,8,0,66 67,0,70,,3791,8,0,66 67,0,30,,5221,8,0,66 67,0,70,,1332,8,0,66 67,0,30,,6811,8,0,66 67,0,70,,4073,8,0,66 67,0,30,,6827,8,0,66 67,0,70,,6823,8,0,66 67,0,30,,6826,8,0,66 67,0,70,,6825,8,0,66 67,0
1601,'2',539,,6843,8,0,66 67,0,70,,6836,8,0,66 67,0,30,,6847,8,0,66 67,0,70,,4341,8,0,66 67,0,30,,6841,8,0,66 67,0,70,,6839,8,0,66 67,0,30,,6842,8,0,66 67,0,70,,6851,8,0,66 67,0,30,,6834,8,0,66 67,0,70,,6837,8,0,66 67,0,30,,4212,8,0,66 67,0,70,,4898,8,0,66 67,0,30,,6846,8,0,66 67,0,70,,4493,8,0,66 67,0,30,,6850,8,0,66 67,0,70,,6835,8,0,66 67,0,30,,4488,8,0,66 67,0,70,,6852,8,0,66 67,0,30,,6848,8,0,66 67,0,70,,4217,8,0,66 67,0,30,,4352,8,0,66 67,0,70,,6838,8,0,66 67,0,30,,1063,8,0,66 67,0,70,,6840,8,0,66 67,0,30,,512,8,0,66 67,0,70,,4045,8,0,66 67,0,30,,6849,8,0,66 67,0,70,,6844,8,0,66 67,0,30,,6845,8,0,66 67,0,70,,6833,8,0,66 67,0
1601,'3',910,,6856,8,0,66 67,0,100,,6858,8,0,66 67,0,100,,6862,8,0,66 67,0,100,,6857,8,0,66 67,0,100,,6855,8,0,66 67,0,100,,6861,8,0,66 67,0,100,,6854,8,0,66 67,0,100,,5137,8,0,66 67,0,100,,6863,8,0,66 67,0,100,,6860,8,0,66 67,0,100,,6859,8,0,66 67,0,100,,6853,8,0,66 67,0
1601,'4',539,,6866,8,0,66 67,0,70,,6872,8,0,66 67,0,30,,6868,8,0,66 67,0,70,,6871,8,0,66 67,0,30,,6875,8,0,66 67,0,70,,4401,8,0,66 67,0,30,,3359,8,0,66 67,0,70,,4096,8,0,66 67,0,30,,6874,8,0,66 67,0,70,,6864,8,0,66 67,0,30,,6869,8,0,66 67,0,70,,2372,8,0,66 67,0,30,,6879,8,0,66 67,0,70,,6867,8,0,66 67,0,30,,4821,8,0,66 67,0,70,,6876,8,0,66 67,0,30,,4022,8,0,66 67,0,70,,6870,8,0,66 67,0,30,,4655,8,0,66 67,0,70,,6873,8,0,66 67,0,30,,5147,8,0,66 67,0,70,,6865,8,0,66 67,0,30,,3828,8,0,66 67,0,70,,6882,8,0,66 67,0,30,,6881,8,0,66 67,0,70,,4254,8,0,66 67,0,30,,4604,8,0,66 67,0,70,,6877,8,0,66 67,0,30,,6880,8,0,66 67,0,70,,6878,8,0,66 67,0
11201,'1',759,,214,28,,,0
13201,'1',757,,3614,13,0,33,0
13301,'1',755,,3601,14,,,0,0,,5061,17,,,0
13901,'1',754,,6960,19,,,0
