1000,'1',522,,2276,7,0,32,0,30,,6006,7,0,32,0,70,,2410,7,0,32,0,30,,6002,7,0,32,0,70,,6003,7,0,32,0,30,,5996,7,0,32,0,70,,4636,7,0,32,0,30,,5994,7,0,32,0,70,,4559,7,0,32,0,30,,2809,7,0,32,0,70,,5177,7,0,32,0,30,,5999,7,0,32,0,70,,4850,7,0,32,0,30,,6004,7,0,32,0,70,,6005,7,0,32,0,30,,5993,7,0,32,0,70,,2812,7,0,32,0,30,,5998,7,0,32,0,70,,5006,7,0,32,0,30,,6008,7,0,32,0,70,,5064,7,0,32,0,30,,4157,7,0,32,0,70,,6009,7,0,32,0,30,,6001,7,0,32,0,70,,5995,7,0,32,0,30,,4563,7,0,32,0,70,,4061,7,0,32,0,30,,6000,7,0,32,0,70,,5997,7,0,32,0,30,,5992,7,0,32,0
1000,'2',522,,723,7,0,32,0,30,,2421,7,0,32,0,70,,5259,7,0,32,0,30,,6016,7,0,32,0,70,,6013,7,0,32,0,30,,6030,7,0,32,0,70,,6014,7,0,32,0,30,,6019,7,0,32,0,70,,6015,7,0,32,0,30,,6022,7,0,32,0,70,,6011,7,0,32,0,30,,4280,7,0,32,0,70,,866,7,0,32,0,30,,4609,7,0,32,0,70,,6026,7,0,32,0,30,,6027,7,0,32,0,70,,5112,7,0,32,0,30,,6028,7,0,32,0,70,,6010,7,0,32,0,30,,6023,7,0,32,0,70,,6017,7,0,32,0,30,,6029,7,0,32,0,70,,6018,7,0,32,0,30,,4895,7,0,32,0,70,,4555,7,0,32,0,30,,6012,7,0,32,0,70,,6025,7,0,32,0,30,,6024,7,0,32,0,70,,4036,7,0,32,0,30,,6021,7,0,32,0
1000,'3',822,,4381,7,0,32,0,100,,6040,7,0,32,0,100,,6036,7,0,32,0,100,,6032,7,0,32,0,100,,6039,7,0,32,0,100,,6031,7,0,32,0,100,,6033,7,0,32,0,100,,6035,7,0,32,0,100,,6037,7,0,32,0,100,,3521,7,0,32,0,100,,6038,7,0,32,0,100,,6034,7,0,32,0
1000,'4',522,,2918,7,0,32,0,30,,6045,7,0,32,0,70,,6052,7,0,32,0,30,,6041,7,0,32,0,70,,2631,7,0,32,0,30,,6060,7,0,32,0,70,,6064,7,0,32,0,30,,6044,7,0,32,0,70,,6058,7,0,32,0,30,,6059,7,0,32,0,70,,6054,7,0,32,0,30,,6066,7,0,32,0,70,,6057,7,0,32,0,30,,6063,7,0,32,0,70,,6043,7,0,32,0,30,,6047,7,0,32,0,70,,4103,7,0,32,0,30,,6056,7,0,32,0,70,,6055,7,0,32,0,30,,6048,7,0,32,0,70,,4262,7,0,32,0,30,,6067,7,0,32,0,70,,6046,7,0,32,0,30,,6053,7,0,32,0,70,,6042,7,0,32,0,30,,6049,7,0,32,0,70,,6062,7,0,32,0,30,,6051,7,0,32,0,70,,6061,7,0,32,0,30,,6065,7,0,32,0
11100,'1',1457,,6931,5,,,0
12000,'1',1553,,3974,4,0,25 26 3 27 16,0
12100,'1',1548,,6936,4,0,27 28,0
13500,'1',1527,,6953,4,0,98 99 25 26 3 25 36,0
13700,'1',1524,,6956,4,0,100 10 11 31 3 27 16,0
14001,'1',817,,6961,3,0,24,0
15001,'1',748,,6972,3,,,0,70,,6971,3,,,0,30,,6970,3,,,0
