101,'1',523,,5385,10,0,40 41 42 43,0,30,,480,18,0,40 41 42 43,0,70,,4064,18,0,40 41 42 43,0,30,,4372,18,0,40 41 42 43,0,70,,3886,18,0,40 41 42 43,0,30,,5396,18,0,40 41 42 43,0,70,,1462,18,0,40 41 42 43,0,30,,5399,18,0,40 41 42 43,0,70,,5390,18,0,40 41 42 43,0,30,,5398,18,0,40 41 42 43,0,70,,5394,18,0,40 41 42 43,0,30,,5397,18,0,40 41 42 43,0,70,,5402,18,0,40 41 42 43,0,30,,5403,18,0,40 41 42 43,0,70,,5407,18,0,40 41 42 43,0,30,,5391,18,0,40 41 42 43,0,70,,5389,18,0,40 41 42 43,0,30,,5387,18,0,40 41 42 43,0,70,,5014,18,0,40 41 42 43,0,30,,5401,18,0,40 41 42 43,0,70,,5384,18,0,40 41 42 43,0,30,,5393,18,0,40 41 42 43,0,70,,5406,18,0,40 41 42 43,0,30,,2882,18,0,40 41 42 43,0,70,,5381,18,0,40 41 42 43,0,30,,71,18,0,40 41 42 43,0,70,,5382,18,0,40 41 42 43,0,30,,5388,18,0,40 41 42 43,0,70,,4859,18,0,40 41 42 43,0,30,,5386,18,0,40 41 42 43,0,70,,5395,18,0,40 41 42 43,0,30,,4235,18,0,40 41 42 43,0,70,,1602,18,0,40 41 42 43,0,30,,5392,18,0,40 41 42 43,0,70,,5383,18,0,40 41 42 43,0,30,,5400,18,0,40 41 42 43,0,70,,5404,18,0,40 41 42 43,0
101,'2',523,,5427,10,0,40 41 42 43,0,30,,5410,18,0,40 41 42 43,0,70,,5413,18,0,40 41 42 43,0,30,,5426,18,0,40 41 42 43,0,70,,4211,18,0,40 41 42 43,0,30,,5417,18,0,40 41 42 43,0,70,,5408,18,0,40 41 42 43,0,30,,5425,18,0,40 41 42 43,0,70,,5409,18,0,40 41 42 43,0,30,,5420,18,0,40 41 42 43,0,70,,5267,18,0,40 41 42 43,0,30,,5429,18,0,40 41 42 43,0,70,,5411,18,0,40 41 42 43,0,30,,5432,18,0,40 41 42 43,0,70,,3088,18,0,40 41 42 43,0,30,,5416,18,0,40 41 42 43,0,70,,5423,18,0,40 41 42 43,0,30,,5421,18,0,40 41 42 43,0,70,,5430,18,0,40 41 42 43,0,30,,3947,18,0,40 41 42 43,0,70,,5434,18,0,40 41 42 43,0,30,,3753,18,0,40 41 42 43,0,70,,5424,18,0,40 41 42 43,0,30,,5419,18,0,40 41 42 43,0,70,,5422,18,0,40 41 42 43,0,30,,2754,18,0,40 41 42 43,0,70,,3855,18,0,40 41 42 43,0,30,,5414,18,0,40 41 42 43,0,70,,5415,18,0,40 41 42 43,0,30,,5418,18,0,40 41 42 43,0,70,,5428,18,0,40 41 42 43,0,30,,5412,18,0,40 41 42 43,0,70,,5433,18,0,40 41 42 43,0,30,,4896,18,0,40 41 42 43,0,70,,4605,18,0,40 41 42 43,0,30,,3677,18,0,40 41 42 43,0,70,,3396,18,0,40 41 42 43,0
101,'3',823,,4871,10,0,40 41 42 43,0,30,,5451,18,0,40 41 42 43,0,70,,5446,18,0,40 41 42 43,0,30,,5452,18,0,40 41 42 43,0,70,,5453,18,0,40 41 42 43,0,30,,5437,18,0,40 41 42 43,0,70,,4867,18,0,40 41 42 43,0,30,,5438,18,0,40 41 42 43,0,70,,5441,18,0,40 41 42 43,0,30,,5436,18,0,40 41 42 43,0,70,,4706,18,0,40 41 42 43,0,30,,5445,18,0,40 41 42 43,0,70,,5435,18,0,40 41 42 43,0,30,,5450,18,0,40 41 42 43,0,70,,4452,18,0,40 41 42 43,0,30,,5442,18,0,40 41 42 43,0,70,,5443,18,0,40 41 42 43,0,30,,5448,18,0,40 41 42 43,0,70,,4806,18,0,40 41 42 43,0,30,,5440,18,0,40 41 42 43,0,70,,5447,18,0,40 41 42 43,0,30,,5449,18,0,40 41 42 43,0,70,,5439,18,0,40 41 42 43,0,30,,5444,18,0,40 41 42 43,0
101,'4',523,,5454,10,0,40 41 42 43,0,30,,5469,18,0,40 41 42 43,0,70,,4813,18,0,40 41 42 43,0,30,,1827,18,0,40 41 42 43,0,70,,5462,18,0,40 41 42 43,0,30,,5480,18,0,40 41 42 43,0,70,,5478,18,0,40 41 42 43,0,30,,5461,18,0,40 41 42 43,0,70,,5456,18,0,40 41 42 43,0,30,,5476,18,0,40 41 42 43,0,70,,5483,18,0,40 41 42 43,0,30,,5471,18,0,40 41 42 43,0,70,,5479,18,0,40 41 42 43,0,30,,3652,18,0,40 41 42 43,0,70,,5477,18,0,40 41 42 43,0,30,,5463,18,0,40 41 42 43,0,70,,3830,18,0,40 41 42 43,0,30,,5472,18,0,40 41 42 43,0,70,,4931,18,0,40 41 42 43,0,30,,170,18,0,40 41 42 43,0,70,,5468,18,0,40 41 42 43,0,30,,5470,18,0,40 41 42 43,0,70,,5481,18,0,40 41 42 43,0,30,,5458,18,0,40 41 42 43,0,70,,5460,18,0,40 41 42 43,0,30,,5482,18,0,40 41 42 43,0,70,,5464,18,0,40 41 42 43,0,30,,5474,18,0,40 41 42 43,0,70,,5457,18,0,40 41 42 43,0,30,,5475,18,0,40 41 42 43,0,70,,5466,18,0,40 41 42 43,0,30,,5459,18,0,40 41 42 43,0,70,,5467,18,0,40 41 42 43,0,30,,5484,18,0,40 41 42 43,0,70,,4469,18,0,40 41 42 43,0,30,,5473,18,0,40 41 42 43,0,70,,5465,18,0,40 41 42 43,0
400,'1',524,,5180,5,0,21 2 22 23,0,30,,5835,5,0,21 2 22 23,0,70,,5840,5,0,21 2 22 23,0,30,,5849,5,0,21 2 22 23,0,70,,5843,5,0,21 2 22 23,0,30,,3789,5,0,21 2 22 23,0,70,,5845,5,0,21 2 22 23,0,30,,5848,5,0,21 2 22 23,0,70,,5856,5,0,21 2 22 23,0,30,,4693,5,0,21 2 22 23,0,70,,5850,5,0,21 2 22 23,0,30,,5854,5,0,21 2 22 23,0,70,,4695,5,0,21 2 22 23,0,30,,5839,5,0,21 2 22 23,0,70,,5837,5,0,21 2 22 23,0,30,,5846,5,0,21 2 22 23,0,70,,5211,5,0,21 2 22 23,0,30,,5838,5,0,21 2 22 23,0,70,,3137,5,0,21 2 22 23,0,30,,5842,5,0,21 2 22 23,0,70,,5847,5,0,21 2 22 23,0,30,,4514,5,0,21 2 22 23,0,70,,5853,5,0,21 2 22 23,0,30,,5851,5,0,21 2 22 23,0,70,,3875,5,0,21 2 22 23,0,30,,3983,5,0,21 2 22 23,0,70,,923,5,0,21 2 22 23,0,30,,5852,5,0,21 2 22 23,0,70,,5841,5,0,21 2 22 23,0,30,,5844,5,0,21 2 22 23,0,100,,5834,5,0,21 2 22 23,0,100,,5855,5,0,21 2 22 23,0,100,,3500,5,0,21 2 22 23,0
400,'2',524,,5242,5,0,21 2 22 23,0,30,,5859,5,0,21 2 22 23,0,70,,5862,5,0,21 2 22 23,0,30,,3864,5,0,21 2 22 23,0,70,,5869,5,0,21 2 22 23,0,30,,5874,5,0,21 2 22 23,0,70,,5865,5,0,21 2 22 23,0,30,,5880,5,0,21 2 22 23,0,70,,5877,5,0,21 2 22 23,0,30,,5857,5,0,21 2 22 23,0,70,,5863,5,0,21 2 22 23,0,30,,5875,5,0,21 2 22 23,0,70,,5867,5,0,21 2 22 23,0,30,,5248,5,0,21 2 22 23,0,70,,4548,5,0,21 2 22 23,0,30,,5878,5,0,21 2 22 23,0,70,,3562,5,0,21 2 22 23,0,30,,3963,5,0,21 2 22 23,0,70,,5870,5,0,21 2 22 23,0,30,,5872,5,0,21 2 22 23,0,70,,5861,5,0,21 2 22 23,0,30,,5879,5,0,21 2 22 23,0,70,,5864,5,0,21 2 22 23,0,30,,5866,5,0,21 2 22 23,0,70,,5873,5,0,21 2 22 23,0,30,,3964,5,0,21 2 22 23,0,70,,5868,5,0,21 2 22 23,0,30,,5858,5,0,21 2 22 23,0,70,,5881,5,0,21 2 22 23,0,30,,5876,5,0,21 2 22 23,0,100,,5860,5,0,21 2 22 23,0,100,,4684,5,0,21 2 22 23,0,100,,640,5,0,21 2 22 23,0
400,'3',824,,5884,5,0,21 2 22 23,0,100,,5070,5,0,21 2 22 23,0,100,,5891,5,0,21 2 22 23,0,100,,5889,5,0,21 2 22 23,0,100,,3406,5,0,21 2 22 23,0,100,,5887,5,0,21 2 22 23,0,100,,5885,5,0,21 2 22 23,0,100,,5886,5,0,21 2 22 23,0,100,,3808,5,0,21 2 22 23,0,100,,5882,5,0,21 2 22 23,0,100,,5888,5,0,21 2 22 23,0,100,,5883,5,0,21 2 22 23,0
400,'4',524,,5893,5,0,21 2 22 23,0,30,,3919,5,0,21 2 22 23,0,70,,5905,5,0,21 2 22 23,0,30,,5902,5,0,21 2 22 23,0,70,,5900,5,0,21 2 22 23,0,30,,5901,5,0,21 2 22 23,0,70,,3927,5,0,21 2 22 23,0,30,,5892,5,0,21 2 22 23,0,70,,4178,5,0,21 2 22 23,0,30,,5906,5,0,21 2 22 23,0,70,,5903,5,0,21 2 22 23,0,30,,4337,5,0,21 2 22 23,0,70,,4332,5,0,21 2 22 23,0,30,,4668,5,0,21 2 22 23,0,70,,5894,5,0,21 2 22 23,0,30,,5897,5,0,21 2 22 23,0,70,,4252,5,0,21 2 22 23,0,30,,5895,5,0,21 2 22 23,0,70,,299,5,0,21 2 22 23,0,30,,5904,5,0,21 2 22 23,0,70,,5909,5,0,21 2 22 23,0,30,,3582,5,0,21 2 22 23,0,70,,5896,5,0,21 2 22 23,0,30,,2983,5,0,21 2 22 23,0,70,,2635,5,0,21 2 22 23,0,30,,4881,5,0,21 2 22 23,0,70,,5907,5,0,21 2 22 23,0,30,,5899,5,0,21 2 22 23,0,70,,5898,5,0,21 2 22 23,0,30,,3935,5,0,21 2 22 23,0,100,,5092,5,0,21 2 22 23,0,100,,3257,5,0,21 2 22 23,0,100,,5908,5,0,21 2 22 23,0
1301,'1',533,,6546,16,0,63 11 2 64 2 20,0,70,,5183,16,0,63 11 2 64 2 20,0,30,,6548,16,0,63 11 2 64 2 20,0,70,,6558,16,0,63 11 2 64 2 20,0,30,,6547,16,0,63 11 2 64 2 20,0,70,,6557,16,0,63 11 2 64 2 20,0,30,,6545,16,0,63 11 2 64 2 20,0,70,,4854,16,0,63 11 2 64 2 20,0,30,,6556,16,0,63 11 2 64 2 20,0,70,,2324,16,0,63 11 2 64 2 20,0,100,,6554,16,0,63 11 2 64 2 20,0,100,,6552,16,0,63 11 2 64 2 20,0,100,,6560,16,0,63 11 2 64 2 20,0,100,,6551,16,0,63 11 2 64 2 20,0,100,,6549,16,0,63 11 2 64 2 20,0,30,,4299,16,0,63 11 2 64 2 20,0,70,,6550,16,0,63 11 2 64 2 20,0,30,,6555,16,0,63 11 2 64 2 20,0,70,,1035,16,0,63 11 2 64 2 20,0,30,,6562,16,0,63 11 2 64 2 20,0,70,,6561,16,0,63 11 2 64 2 20,0,30,,6553,16,0,63 11 2 64 2 20,0,70,,6559,16,0,63 11 2 64 2 20,0,30,,5192,16,0,63 11 2 64 2 20,0,70,,5216,16,0,63 11 2 64 2 20,0
1301,'2',533,,6575,16,0,63 11 2 64 2 20,0,70,,6576,16,0,63 11 2 64 2 20,0,30,,6571,16,0,63 11 2 64 2 20,0,70,,6572,16,0,63 11 2 64 2 20,0,30,,6579,16,0,63 11 2 64 2 20,0,70,,6569,16,0,63 11 2 64 2 20,0,30,,4758,16,0,63 11 2 64 2 20,0,70,,6566,16,0,63 11 2 64 2 20,0,30,,4285,16,0,63 11 2 64 2 20,0,70,,6581,16,0,63 11 2 64 2 20,0,100,,6567,16,0,63 11 2 64 2 20,0,100,,6565,16,0,63 11 2 64 2 20,0,100,,4477,16,0,63 11 2 64 2 20,0,100,,6573,16,0,63 11 2 64 2 20,0,100,,6570,16,0,63 11 2 64 2 20,0,30,,6563,16,0,63 11 2 64 2 20,0,70,,6568,16,0,63 11 2 64 2 20,0,30,,3956,16,0,63 11 2 64 2 20,0,70,,6578,16,0,63 11 2 64 2 20,0,30,,6577,16,0,63 11 2 64 2 20,0,70,,4288,16,0,63 11 2 64 2 20,0,30,,3221,16,0,63 11 2 64 2 20,0,70,,6580,16,0,63 11 2 64 2 20,0,30,,6574,16,0,63 11 2 64 2 20,0,70,,6564,16,0,63 11 2 64 2 20,0
1301,'3',833,,6588,16,0,63 11 2 64 2 20,0,100,,6586,16,0,63 11 2 64 2 20,0,100,,6590,16,0,63 11 2 64 2 20,0,100,,6585,16,0,63 11 2 64 2 20,0,100,,6584,16,0,63 11 2 64 2 20,0,100,,4711,16,0,63 11 2 64 2 20,0,100,,4972,16,0,63 11 2 64 2 20,0,100,,6589,16,0,63 11 2 64 2 20,0,100,,6587,16,0,63 11 2 64 2 20,0,100,,6583,16,0,63 11 2 64 2 20,0,100,,3996,16,0,63 11 2 64 2 20,0,100,,6582,16,0,63 11 2 64 2 20,0
1301,'4',533,,4324,16,0,63 11 2 64 2 20,0,70,,6591,16,0,63 11 2 64 2 20,0,30,,6596,16,0,63 11 2 64 2 20,0,70,,6607,16,0,63 11 2 64 2 20,0,30,,6598,16,0,63 11 2 64 2 20,0,70,,6608,16,0,63 11 2 64 2 20,0,30,,6604,16,0,63 11 2 64 2 20,0,70,,6601,16,0,63 11 2 64 2 20,0,30,,6603,16,0,63 11 2 64 2 20,0,70,,6599,16,0,63 11 2 64 2 20,0,100,,5094,16,0,63 11 2 64 2 20,0,100,,6594,16,0,63 11 2 64 2 20,0,100,,6592,16,0,63 11 2 64 2 20,0,100,,3839,16,0,63 11 2 64 2 20,0,100,,6602,16,0,63 11 2 64 2 20,0,30,,6609,16,0,63 11 2 64 2 20,0,70,,1316,16,0,63 11 2 64 2 20,0,30,,6600,16,0,63 11 2 64 2 20,0,70,,6593,16,0,63 11 2 64 2 20,0,30,,6606,16,0,63 11 2 64 2 20,0,70,,1126,16,0,63 11 2 64 2 20,0,30,,6597,16,0,63 11 2 64 2 20,0,70,,6605,16,0,63 11 2 64 2 20,0,30,,4814,16,0,63 11 2 64 2 20,0,70,,6595,16,0,63 11 2 64 2 20,0
15100,'1',1554,,6973,15,0,20,0
15101,'1',817,,6974,3,0,75 1 76,0
