1600,'1',529,,4362,19,4,,0,30,,5217,19,4,,0,70,,4627,19,4,,0,30,,6746,19,4,,0,70,,6735,19,4,,0,30,,6751,19,4,,0,70,,6744,19,4,,0,30,,6749,19,4,,0,70,,6742,19,4,,0,30,,6748,19,4,,0,70,,6730,19,4,,0,30,,6732,19,4,,0,70,,6734,19,4,,0,30,,6750,19,4,,0,70,,6738,19,4,,0,30,,4159,19,4,,0,70,,4056,19,4,,0,30,,4503,19,4,,0,70,,4220,19,4,,0,30,,6733,19,4,,0,70,,6736,19,4,,0,30,,6741,19,4,,0,70,,6739,19,4,,0,30,,6745,19,4,,0,70,,6743,19,4,,0,30,,6731,19,4,,0,70,,6740,19,4,,0,30,,6747,19,4,,0,70,,2811,19,4,,0,30,,6737,19,4,,0
1600,'2',529,,4607,19,4,,0,30,,6757,19,4,,0,70,,6773,19,4,,0,30,,2224,19,4,,0,70,,6763,19,4,,0,30,,6756,19,4,,0,70,,6755,19,4,,0,30,,6769,19,4,,0,70,,6753,19,4,,0,30,,6765,19,4,,0,70,,615,19,4,,0,30,,2511,19,4,,0,70,,6754,19,4,,0,30,,2895,19,4,,0,70,,6760,19,4,,0,30,,6764,19,4,,0,70,,5246,19,4,,0,30,,6771,19,4,,0,70,,6772,19,4,,0,30,,6752,19,4,,0,70,,3683,19,4,,0,30,,6770,19,4,,0,70,,6766,19,4,,0,30,,6759,19,4,,0,70,,6768,19,4,,0,30,,6762,19,4,,0,70,,4892,19,4,,0,30,,6761,19,4,,0,70,,6767,19,4,,0,30,,6758,19,4,,0
1600,'3',859,,6783,19,4,,0,100,,6781,19,4,,0,100,,6774,19,4,,0,100,,6782,19,4,,0,100,,6776,19,4,,0,100,,4707,19,4,,0,100,,6775,19,4,,0,100,,6779,19,4,,0,100,,6780,19,4,,0,100,,6778,19,4,,0,100,,6784,19,4,,0,100,,6777,19,4,,0
1600,'4',529,,4531,19,4,,0,30,,6794,19,4,,0,70,,6792,19,4,,0,30,,1570,19,4,,0,70,,6806,19,4,,0,30,,3128,19,4,,0,70,,6798,19,4,,0,30,,6790,19,4,,0,70,,6804,19,4,,0,30,,6789,19,4,,0,70,,6808,19,4,,0,30,,6795,19,4,,0,70,,6807,19,4,,0,30,,6791,19,4,,0,70,,6805,19,4,,0,30,,6799,19,4,,0,70,,6802,19,4,,0,30,,6787,19,4,,0,70,,3171,19,4,,0,30,,6797,19,4,,0,70,,6786,19,4,,0,30,,6796,19,4,,0,70,,6803,19,4,,0,30,,6785,19,4,,0,70,,6793,19,4,,0,30,,4395,19,4,,0,70,,6800,19,4,,0,30,,6788,19,4,,0,70,,6801,19,4,,0,30,,4187,19,4,,0
1601,'1',529,,6816,1,0,66 67,0,30,,6812,1,0,66 67,0,70,,6822,1,0,66 67,0,30,,6829,1,0,66 67,0,70,,6819,1,0,66 67,0,30,,6813,1,0,66 67,0,70,,6818,1,0,66 67,0,30,,1935,1,0,66 67,0,70,,6820,1,0,66 67,0,30,,6809,1,0,66 67,0,70,,6814,1,0,66 67,0,30,,6810,1,0,66 67,0,70,,6832,1,0,66 67,0,30,,6821,1,0,66 67,0,70,,6817,1,0,66 67,0,30,,6828,1,0,66 67,0,70,,6824,1,0,66 67,0,30,,1142,1,0,66 67,0,70,,6830,1,0,66 67,0,30,,6815,1,0,66 67,0,70,,6831,1,0,66 67,0,30,,3791,1,0,66 67,0,70,,5221,1,0,66 67,0,30,,1332,1,0,66 67,0,70,,6811,1,0,66 67,0,30,,4073,1,0,66 67,0,70,,6827,1,0,66 67,0,30,,6823,1,0,66 67,0,70,,6826,1,0,66 67,0,30,,6825,1,0,66 67,0
1601,'2',529,,6843,1,0,66 67,0,30,,6836,1,0,66 67,0,70,,6847,1,0,66 67,0,30,,4341,1,0,66 67,0,70,,6841,1,0,66 67,0,30,,6839,1,0,66 67,0,70,,6842,1,0,66 67,0,30,,6851,1,0,66 67,0,70,,6834,1,0,66 67,0,30,,6837,1,0,66 67,0,70,,4212,1,0,66 67,0,30,,4898,1,0,66 67,0,70,,6846,1,0,66 67,0,30,,4493,1,0,66 67,0,70,,6850,1,0,66 67,0,30,,6835,1,0,66 67,0,70,,4488,1,0,66 67,0,30,,6852,1,0,66 67,0,70,,6848,1,0,66 67,0,30,,4217,1,0,66 67,0,70,,4352,1,0,66 67,0,30,,6838,1,0,66 67,0,70,,1063,1,0,66 67,0,30,,6840,1,0,66 67,0,70,,512,1,0,66 67,0,30,,4045,1,0,66 67,0,70,,6849,1,0,66 67,0,30,,6844,1,0,66 67,0,70,,6845,1,0,66 67,0,30,,6833,1,0,66 67,0
1601,'3',901,,6856,1,0,66 67,0,100,,6858,1,0,66 67,0,100,,6862,1,0,66 67,0,100,,6857,1,0,66 67,0,100,,6855,1,0,66 67,0,100,,6861,1,0,66 67,0,100,,6854,1,0,66 67,0,100,,5137,1,0,66 67,0,100,,6863,1,0,66 67,0,100,,6860,1,0,66 67,0,100,,6859,1,0,66 67,0,100,,6853,1,0,66 67,0
1601,'4',529,,6866,1,0,66 67,0,30,,6872,1,0,66 67,0,70,,6868,1,0,66 67,0,30,,6871,1,0,66 67,0,70,,6875,1,0,66 67,0,30,,4401,1,0,66 67,0,70,,3359,1,0,66 67,0,30,,4096,1,0,66 67,0,70,,6874,1,0,66 67,0,30,,6864,1,0,66 67,0,70,,6869,1,0,66 67,0,30,,2372,1,0,66 67,0,70,,6879,1,0,66 67,0,30,,6867,1,0,66 67,0,70,,4821,1,0,66 67,0,30,,6876,1,0,66 67,0,70,,4022,1,0,66 67,0,30,,6870,1,0,66 67,0,70,,4655,1,0,66 67,0,30,,6873,1,0,66 67,0,70,,5147,1,0,66 67,0,30,,6865,1,0,66 67,0,70,,3828,1,0,66 67,0,30,,6882,1,0,66 67,0,70,,6881,1,0,66 67,0,30,,4254,1,0,66 67,0,70,,4604,1,0,66 67,0,30,,6877,1,0,66 67,0,70,,6880,1,0,66 67,0,30,,6878,1,0,66 67,0
11300,'1',1515,,6933,15,4,,0
13300,'1',1540,,75,14,4,,0
