1001,'1',531,,6082,20,0,32,0,70,,6083,20,0,32,0,30,,6088,20,0,32,0,70,,6077,20,0,32,0,30,,6085,20,0,32,0,70,,6086,20,0,32,0,30,,6080,20,0,32,0,70,,6074,20,0,32,0,30,,6081,20,0,32,0,70,,6078,20,0,32,0,30,,6072,20,0,32,0,70,,6068,20,0,32,0,30,,6073,20,0,32,0,70,,5123,20,0,32,0,30,,6070,20,0,32,0,70,,6075,20,0,32,0,30,,2649,20,0,32,0,70,,6092,20,0,32,0,30,,6089,20,0,32,0,70,,2325,20,0,32,0,30,,6071,20,0,32,0,70,,6091,20,0,32,0,30,,6076,20,0,32,0,70,,6090,20,0,32,0,30,,3495,20,0,32,0,70,,6087,20,0,32,0,30,,5229,20,0,32,0,70,,6079,20,0,32,0,30,,6084,20,0,32,0,70,,6069,20,0,32,0
1001,'2',531,,6103,20,0,32,0,70,,6111,20,0,32,0,30,,6113,20,0,32,0,70,,6097,20,0,32,0,30,,6112,20,0,32,0,70,,388,20,0,32,0,30,,6101,20,0,32,0,70,,6100,20,0,32,0,30,,6104,20,0,32,0,70,,4276,20,0,32,0,30,,4681,20,0,32,0,70,,6105,20,0,32,0,30,,6109,20,0,32,0,70,,4750,20,0,32,0,30,,5262,20,0,32,0,70,,6094,20,0,32,0,30,,4760,20,0,32,0,70,,6107,20,0,32,0,30,,6099,20,0,32,0,70,,6110,20,0,32,0,30,,2948,20,0,32,0,70,,6106,20,0,32,0,30,,1278,20,0,32,0,70,,6114,20,0,32,0,30,,6096,20,0,32,0,70,,6108,20,0,32,0,30,,6095,20,0,32,0,70,,6098,20,0,32,0,30,,6093,20,0,32,0,70,,6102,20,0,32,0
1001,'3',901,,6123,20,0,32,0,100,,6126,20,0,32,0,100,,6125,20,0,32,0,100,,6121,20,0,32,0,100,,6118,20,0,32,0,100,,6124,20,0,32,0,100,,6120,20,0,32,0,100,,6119,20,0,32,0,100,,6115,20,0,32,0,100,,6116,20,0,32,0,100,,6117,20,0,32,0,100,,6122,20,0,32,0
1001,'4',531,,4660,20,0,32,0,70,,6133,20,0,32,0,30,,6142,20,0,32,0,70,,6146,20,0,32,0,30,,6143,20,0,32,0,70,,6129,20,0,32,0,30,,6148,20,0,32,0,70,,6144,20,0,32,0,30,,159,20,0,32,0,70,,4736,20,0,32,0,30,,1996,20,0,32,0,70,,6137,20,0,32,0,30,,6139,20,0,32,0,70,,6138,20,0,32,0,30,,6140,20,0,32,0,70,,6127,20,0,32,0,30,,6141,20,0,32,0,70,,566,20,0,32,0,30,,6136,20,0,32,0,70,,6134,20,0,32,0,30,,6145,20,0,32,0,70,,6128,20,0,32,0,30,,4991,20,0,32,0,70,,6149,20,0,32,0,30,,6147,20,0,32,0,70,,6135,20,0,32,0,30,,6130,20,0,32,0,70,,6131,20,0,32,0,30,,4980,20,0,32,0,70,,6132,20,0,32,0
13000,'1',1519,,6942,2,,,0,5,,6944,2,,,0
13100,'1',1522,,6947,2,,,0
13200,'1',1522,,6949,2,0,33,0
13300,'1',1522,,75,2,,,0
13400,'1',1517,,6950,2,,,0,5,,6951,2,,,0
13800,'1',1522,,6958,2,,,0
13900,'1',1522,,6959,2,,,0
