201,'1',524,,5578,27,0,18,0,30,,5585,27,0,18,0,70,,4691,27,0,18,0,30,,5594,27,0,18,0,70,,5584,27,0,18,0,30,,5598,27,0,18,0,70,,599,27,0,18,0,30,,5599,27,0,18,0,70,,5596,27,0,18,0,30,,588,27,0,18,0,70,,5125,27,0,18,0,30,,5586,27,0,18,0,70,,5595,27,0,18,0,30,,3081,27,0,18,0,70,,4150,27,0,18,0,30,,5600,27,0,18,0,70,,5591,27,0,18,0,30,,5592,27,0,18,0,70,,4572,27,0,18,0,30,,2321,27,0,18,0,70,,5588,27,0,18,0,30,,5601,27,0,18,0,70,,5583,27,0,18,0,30,,5597,27,0,18,0,70,,5582,27,0,18,0,30,,5580,27,0,18,0,70,,5587,27,0,18,0,30,,5590,27,0,18,0,70,,2997,27,0,18,0,30,,5579,27,0,18,0,70,,5593,27,0,18,0,30,,5581,27,0,18,0,70,,5589,27,0,18,0,30,,5602,27,0,18,0,70,,5577,27,0,18,0,30,,5603,27,0,18,0
201,'2',524,,4557,27,0,18,0,30,,5623,27,0,18,0,70,,4672,27,0,18,0,30,,5630,27,0,18,0,70,,5244,27,0,18,0,30,,5611,27,0,18,0,70,,3571,27,0,18,0,30,,5616,27,0,18,0,70,,5625,27,0,18,0,30,,5629,27,0,18,0,70,,5609,27,0,18,0,30,,5627,27,0,18,0,70,,4547,27,0,18,0,30,,5617,27,0,18,0,70,,5618,27,0,18,0,30,,5621,27,0,18,0,70,,5610,27,0,18,0,30,,5615,27,0,18,0,70,,5622,27,0,18,0,30,,5619,27,0,18,0,70,,5613,27,0,18,0,30,,4273,27,0,18,0,70,,5626,27,0,18,0,30,,5628,27,0,18,0,70,,5614,27,0,18,0,30,,4028,27,0,18,0,70,,5604,27,0,18,0,30,,5605,27,0,18,0,70,,251,27,0,18,0,30,,5608,27,0,18,0,70,,5607,27,0,18,0,30,,5624,27,0,18,0,70,,3626,27,0,18,0,30,,5620,27,0,18,0,70,,5606,27,0,18,0,30,,5612,27,0,18,0
201,'3',824,,5640,27,0,18,0,30,,5633,27,0,18,0,70,,5133,27,0,18,0,30,,5645,27,0,18,0,70,,5631,27,0,18,0,30,,5136,27,0,18,0,70,,5651,27,0,18,0,30,,5635,27,0,18,0,70,,5636,27,0,18,0,30,,5634,27,0,18,0,70,,5632,27,0,18,0,30,,5647,27,0,18,0,70,,5639,27,0,18,0,30,,5650,27,0,18,0,70,,5642,27,0,18,0,30,,5638,27,0,18,0,70,,5646,27,0,18,0,30,,5644,27,0,18,0,70,,5637,27,0,18,0,30,,5649,27,0,18,0,70,,5643,27,0,18,0,30,,5648,27,0,18,0,70,,5641,27,0,18,0,30,,1538,27,0,18,0
201,'4',524,,3823,27,0,18,0,30,,5663,27,0,18,0,70,,3060,27,0,18,0,30,,5657,27,0,18,0,70,,5668,27,0,18,0,30,,5661,27,0,18,0,70,,1303,27,0,18,0,30,,5144,27,0,18,0,70,,4533,27,0,18,0,30,,5659,27,0,18,0,70,,5664,27,0,18,0,30,,5674,27,0,18,0,70,,5666,27,0,18,0,30,,5675,27,0,18,0,70,,5671,27,0,18,0,30,,5038,27,0,18,0,70,,5655,27,0,18,0,30,,5653,27,0,18,0,70,,5652,27,0,18,0,30,,2465,27,0,18,0,70,,5658,27,0,18,0,30,,5669,27,0,18,0,70,,4400,27,0,18,0,30,,5676,27,0,18,0,70,,5670,27,0,18,0,30,,5149,27,0,18,0,70,,5656,27,0,18,0,30,,5672,27,0,18,0,70,,3272,27,0,18,0,30,,4335,27,0,18,0,70,,5660,27,0,18,0,30,,5673,27,0,18,0,70,,5654,27,0,18,0,30,,5667,27,0,18,0,70,,5662,27,0,18,0,30,,5665,27,0,18,0
1000,'1',530,,2276,15,0,32,0,70,,6006,15,0,32,0,30,,2410,15,0,32,0,70,,6002,15,0,32,0,30,,6003,15,0,32,0,70,,5996,15,0,32,0,30,,4636,15,0,32,0,70,,5994,15,0,32,0,30,,4559,15,0,32,0,70,,2809,15,0,32,0,30,,5177,15,0,32,0,70,,5999,15,0,32,0,30,,4850,15,0,32,0,70,,6004,15,0,32,0,30,,6005,15,0,32,0,70,,5993,15,0,32,0,30,,2812,15,0,32,0,70,,5998,15,0,32,0,30,,5006,15,0,32,0,70,,6008,15,0,32,0,30,,5064,15,0,32,0,70,,4157,15,0,32,0,30,,6009,15,0,32,0,70,,6001,15,0,32,0,30,,5995,15,0,32,0,70,,4563,15,0,32,0,30,,4061,15,0,32,0,70,,6000,15,0,32,0,30,,5997,15,0,32,0,70,,5992,15,0,32,0
1000,'2',530,,723,15,0,32,0,70,,2421,15,0,32,0,30,,5259,15,0,32,0,70,,6016,15,0,32,0,30,,6013,15,0,32,0,70,,6030,15,0,32,0,30,,6014,15,0,32,0,70,,6019,15,0,32,0,30,,6015,15,0,32,0,70,,6022,15,0,32,0,30,,6011,15,0,32,0,70,,4280,15,0,32,0,30,,866,15,0,32,0,70,,4609,15,0,32,0,30,,6026,15,0,32,0,70,,6027,15,0,32,0,30,,5112,15,0,32,0,70,,6028,15,0,32,0,30,,6010,15,0,32,0,70,,6023,15,0,32,0,30,,6017,15,0,32,0,70,,6029,15,0,32,0,30,,6018,15,0,32,0,70,,4895,15,0,32,0,30,,4555,15,0,32,0,70,,6012,15,0,32,0,30,,6025,15,0,32,0,70,,6024,15,0,32,0,30,,4036,15,0,32,0,70,,6021,15,0,32,0
1000,'3',830,,4381,15,0,32,0,100,,6040,15,0,32,0,100,,6036,15,0,32,0,100,,6032,15,0,32,0,100,,6039,15,0,32,0,100,,6031,15,0,32,0,100,,6033,15,0,32,0,100,,6035,15,0,32,0,100,,6037,15,0,32,0,100,,3521,15,0,32,0,100,,6038,15,0,32,0,100,,6034,15,0,32,0
1000,'4',530,,2918,15,0,32,0,70,,6045,15,0,32,0,30,,6052,15,0,32,0,70,,6041,15,0,32,0,30,,2631,15,0,32,0,70,,6060,15,0,32,0,30,,6064,15,0,32,0,70,,6044,15,0,32,0,30,,6058,15,0,32,0,70,,6059,15,0,32,0,30,,6054,15,0,32,0,70,,6066,15,0,32,0,30,,6057,15,0,32,0,70,,6063,15,0,32,0,30,,6043,15,0,32,0,70,,6047,15,0,32,0,30,,4103,15,0,32,0,70,,6056,15,0,32,0,30,,6055,15,0,32,0,70,,6048,15,0,32,0,30,,4262,15,0,32,0,70,,6067,15,0,32,0,30,,6046,15,0,32,0,70,,6053,15,0,32,0,30,,6042,15,0,32,0,70,,6049,15,0,32,0,30,,6062,15,0,32,0,70,,6051,15,0,32,0,30,,6061,15,0,32,0,70,,6065,15,0,32,0
12000,'1',1607,,3974,12,0,25 26 3 27 16,0
12001,'1',833,,6935,10,0,27 28,0
15001,'1',752,,6972,7,,,0,70,,6971,7,,,0,30,,6970,7,,,0
