201,'1',521,,5578,24,0,18,0,30,,5585,24,0,18,0,70,,4691,24,0,18,0,30,,5594,24,0,18,0,70,,5584,24,0,18,0,30,,5598,24,0,18,0,70,,599,24,0,18,0,30,,5599,24,0,18,0,70,,5596,24,0,18,0,30,,588,24,0,18,0,70,,5125,24,0,18,0,30,,5586,24,0,18,0,70,,5595,24,0,18,0,30,,3081,24,0,18,0,70,,4150,24,0,18,0,30,,5600,24,0,18,0,70,,5591,24,0,18,0,30,,5592,24,0,18,0,70,,4572,24,0,18,0,30,,2321,24,0,18,0,70,,5588,24,0,18,0,30,,5601,24,0,18,0,70,,5583,24,0,18,0,30,,5597,24,0,18,0,70,,5582,24,0,18,0,30,,5580,24,0,18,0,70,,5587,24,0,18,0,30,,5590,24,0,18,0,70,,2997,24,0,18,0,30,,5579,24,0,18,0,70,,5593,24,0,18,0,30,,5581,24,0,18,0,70,,5589,24,0,18,0,30,,5602,24,0,18,0,70,,5577,24,0,18,0,30,,5603,24,0,18,0
201,'2',521,,4557,24,0,18,0,30,,5623,24,0,18,0,70,,4672,24,0,18,0,30,,5630,24,0,18,0,70,,5244,24,0,18,0,30,,5611,24,0,18,0,70,,3571,24,0,18,0,30,,5616,24,0,18,0,70,,5625,24,0,18,0,30,,5629,24,0,18,0,70,,5609,24,0,18,0,30,,5627,24,0,18,0,70,,4547,24,0,18,0,30,,5617,24,0,18,0,70,,5618,24,0,18,0,30,,5621,24,0,18,0,70,,5610,24,0,18,0,30,,5615,24,0,18,0,70,,5622,24,0,18,0,30,,5619,24,0,18,0,70,,5613,24,0,18,0,30,,4273,24,0,18,0,70,,5626,24,0,18,0,30,,5628,24,0,18,0,70,,5614,24,0,18,0,30,,4028,24,0,18,0,70,,5604,24,0,18,0,30,,5605,24,0,18,0,70,,251,24,0,18,0,30,,5608,24,0,18,0,70,,5607,24,0,18,0,30,,5624,24,0,18,0,70,,3626,24,0,18,0,30,,5620,24,0,18,0,70,,5606,24,0,18,0,30,,5612,24,0,18,0
201,'3',821,,5640,24,0,18,0,30,,5633,24,0,18,0,70,,5133,24,0,18,0,30,,5645,24,0,18,0,70,,5631,24,0,18,0,30,,5136,24,0,18,0,70,,5651,24,0,18,0,30,,5635,24,0,18,0,70,,5636,24,0,18,0,30,,5634,24,0,18,0,70,,5632,24,0,18,0,30,,5647,24,0,18,0,70,,5639,24,0,18,0,30,,5650,24,0,18,0,70,,5642,24,0,18,0,30,,5638,24,0,18,0,70,,5646,24,0,18,0,30,,5644,24,0,18,0,70,,5637,24,0,18,0,30,,5649,24,0,18,0,70,,5643,24,0,18,0,30,,5648,24,0,18,0,70,,5641,24,0,18,0,30,,1538,24,0,18,0
201,'4',521,,3823,24,0,18,0,30,,5663,24,0,18,0,70,,3060,24,0,18,0,30,,5657,24,0,18,0,70,,5668,24,0,18,0,30,,5661,24,0,18,0,70,,1303,24,0,18,0,30,,5144,24,0,18,0,70,,4533,24,0,18,0,30,,5659,24,0,18,0,70,,5664,24,0,18,0,30,,5674,24,0,18,0,70,,5666,24,0,18,0,30,,5675,24,0,18,0,70,,5671,24,0,18,0,30,,5038,24,0,18,0,70,,5655,24,0,18,0,30,,5653,24,0,18,0,70,,5652,24,0,18,0,30,,2465,24,0,18,0,70,,5658,24,0,18,0,30,,5669,24,0,18,0,70,,4400,24,0,18,0,30,,5676,24,0,18,0,70,,5670,24,0,18,0,30,,5149,24,0,18,0,70,,5656,24,0,18,0,30,,5672,24,0,18,0,70,,3272,24,0,18,0,30,,4335,24,0,18,0,70,,5660,24,0,18,0,30,,5673,24,0,18,0,70,,5654,24,0,18,0,30,,5667,24,0,18,0,70,,5662,24,0,18,0,30,,5665,24,0,18,0
1001,'1',522,,6082,9,0,32,0,30,,6083,9,0,32,0,70,,6088,9,0,32,0,30,,6077,9,0,32,0,70,,6085,9,0,32,0,30,,6086,9,0,32,0,70,,6080,9,0,32,0,30,,6074,9,0,32,0,70,,6081,9,0,32,0,30,,6078,9,0,32,0,70,,6072,9,0,32,0,30,,6068,9,0,32,0,70,,6073,9,0,32,0,30,,5123,9,0,32,0,70,,6070,9,0,32,0,30,,6075,9,0,32,0,70,,2649,9,0,32,0,30,,6092,9,0,32,0,70,,6089,9,0,32,0,30,,2325,9,0,32,0,70,,6071,9,0,32,0,30,,6091,9,0,32,0,70,,6076,9,0,32,0,30,,6090,9,0,32,0,70,,3495,9,0,32,0,30,,6087,9,0,32,0,70,,5229,9,0,32,0,30,,6079,9,0,32,0,70,,6084,9,0,32,0,30,,6069,9,0,32,0
1001,'2',522,,6103,9,0,32,0,30,,6111,9,0,32,0,70,,6113,9,0,32,0,30,,6097,9,0,32,0,70,,6112,9,0,32,0,30,,388,9,0,32,0,70,,6101,9,0,32,0,30,,6100,9,0,32,0,70,,6104,9,0,32,0,30,,4276,9,0,32,0,70,,4681,9,0,32,0,30,,6105,9,0,32,0,70,,6109,9,0,32,0,30,,4750,9,0,32,0,70,,5262,9,0,32,0,30,,6094,9,0,32,0,70,,4760,9,0,32,0,30,,6107,9,0,32,0,70,,6099,9,0,32,0,30,,6110,9,0,32,0,70,,2948,9,0,32,0,30,,6106,9,0,32,0,70,,1278,9,0,32,0,30,,6114,9,0,32,0,70,,6096,9,0,32,0,30,,6108,9,0,32,0,70,,6095,9,0,32,0,30,,6098,9,0,32,0,70,,6093,9,0,32,0,30,,6102,9,0,32,0
1001,'3',852,,6123,9,0,32,0,100,,6126,9,0,32,0,100,,6125,9,0,32,0,100,,6121,9,0,32,0,100,,6118,9,0,32,0,100,,6124,9,0,32,0,100,,6120,9,0,32,0,100,,6119,9,0,32,0,100,,6115,9,0,32,0,100,,6116,9,0,32,0,100,,6117,9,0,32,0,100,,6122,9,0,32,0
1001,'4',522,,4660,9,0,32,0,30,,6133,9,0,32,0,70,,6142,9,0,32,0,30,,6146,9,0,32,0,70,,6143,9,0,32,0,30,,6129,9,0,32,0,70,,6148,9,0,32,0,30,,6144,9,0,32,0,70,,159,9,0,32,0,30,,4736,9,0,32,0,70,,1996,9,0,32,0,30,,6137,9,0,32,0,70,,6139,9,0,32,0,30,,6138,9,0,32,0,70,,6140,9,0,32,0,30,,6127,9,0,32,0,70,,6141,9,0,32,0,30,,566,9,0,32,0,70,,6136,9,0,32,0,30,,6134,9,0,32,0,70,,6145,9,0,32,0,30,,6128,9,0,32,0,70,,4991,9,0,32,0,30,,6149,9,0,32,0,70,,6147,9,0,32,0,30,,6135,9,0,32,0,70,,6130,9,0,32,0,30,,6131,9,0,32,0,70,,4980,9,0,32,0,30,,6132,9,0,32,0
11101,'1',747,,4966,13,,,0
12001,'1',825,,6935,3,0,27 28,0
13501,'1',751,,6954,19,,,0
14000,'1',1553,,5008,3,0,24,0
14300,'1',1555,,2487,3,0,96 97 10 11 31 3 25 26,0
