201,'1',523,,5578,25,0,18,0,30,,5585,25,0,18,0,70,,4691,25,0,18,0,30,,5594,25,0,18,0,70,,5584,25,0,18,0,30,,5598,25,0,18,0,70,,599,25,0,18,0,30,,5599,25,0,18,0,70,,5596,25,0,18,0,30,,588,25,0,18,0,70,,5125,25,0,18,0,30,,5586,25,0,18,0,70,,5595,25,0,18,0,30,,3081,25,0,18,0,70,,4150,25,0,18,0,30,,5600,25,0,18,0,70,,5591,25,0,18,0,30,,5592,25,0,18,0,70,,4572,25,0,18,0,30,,2321,25,0,18,0,70,,5588,25,0,18,0,30,,5601,25,0,18,0,70,,5583,25,0,18,0,30,,5597,25,0,18,0,70,,5582,25,0,18,0,30,,5580,25,0,18,0,70,,5587,25,0,18,0,30,,5590,25,0,18,0,70,,2997,25,0,18,0,30,,5579,25,0,18,0,70,,5593,25,0,18,0,30,,5581,25,0,18,0,70,,5589,25,0,18,0,30,,5602,25,0,18,0,70,,5577,25,0,18,0,30,,5603,25,0,18,0
201,'2',523,,4557,25,0,18,0,30,,5623,25,0,18,0,70,,4672,25,0,18,0,30,,5630,25,0,18,0,70,,5244,25,0,18,0,30,,5611,25,0,18,0,70,,3571,25,0,18,0,30,,5616,25,0,18,0,70,,5625,25,0,18,0,30,,5629,25,0,18,0,70,,5609,25,0,18,0,30,,5627,25,0,18,0,70,,4547,25,0,18,0,30,,5617,25,0,18,0,70,,5618,25,0,18,0,30,,5621,25,0,18,0,70,,5610,25,0,18,0,30,,5615,25,0,18,0,70,,5622,25,0,18,0,30,,5619,25,0,18,0,70,,5613,25,0,18,0,30,,4273,25,0,18,0,70,,5626,25,0,18,0,30,,5628,25,0,18,0,70,,5614,25,0,18,0,30,,4028,25,0,18,0,70,,5604,25,0,18,0,30,,5605,25,0,18,0,70,,251,25,0,18,0,30,,5608,25,0,18,0,70,,5607,25,0,18,0,30,,5624,25,0,18,0,70,,3626,25,0,18,0,30,,5620,25,0,18,0,70,,5606,25,0,18,0,30,,5612,25,0,18,0
201,'3',823,,5640,25,0,18,0,30,,5633,25,0,18,0,70,,5133,25,0,18,0,30,,5645,25,0,18,0,70,,5631,25,0,18,0,30,,5136,25,0,18,0,70,,5651,25,0,18,0,30,,5635,25,0,18,0,70,,5636,25,0,18,0,30,,5634,25,0,18,0,70,,5632,25,0,18,0,30,,5647,25,0,18,0,70,,5639,25,0,18,0,30,,5650,25,0,18,0,70,,5642,25,0,18,0,30,,5638,25,0,18,0,70,,5646,25,0,18,0,30,,5644,25,0,18,0,70,,5637,25,0,18,0,30,,5649,25,0,18,0,70,,5643,25,0,18,0,30,,5648,25,0,18,0,70,,5641,25,0,18,0,30,,1538,25,0,18,0
201,'4',523,,3823,25,0,18,0,30,,5663,25,0,18,0,70,,3060,25,0,18,0,30,,5657,25,0,18,0,70,,5668,25,0,18,0,30,,5661,25,0,18,0,70,,1303,25,0,18,0,30,,5144,25,0,18,0,70,,4533,25,0,18,0,30,,5659,25,0,18,0,70,,5664,25,0,18,0,30,,5674,25,0,18,0,70,,5666,25,0,18,0,30,,5675,25,0,18,0,70,,5671,25,0,18,0,30,,5038,25,0,18,0,70,,5655,25,0,18,0,30,,5653,25,0,18,0,70,,5652,25,0,18,0,30,,2465,25,0,18,0,70,,5658,25,0,18,0,30,,5669,25,0,18,0,70,,4400,25,0,18,0,30,,5676,25,0,18,0,70,,5670,25,0,18,0,30,,5149,25,0,18,0,70,,5656,25,0,18,0,30,,5672,25,0,18,0,70,,3272,25,0,18,0,30,,4335,25,0,18,0,70,,5660,25,0,18,0,30,,5673,25,0,18,0,70,,5654,25,0,18,0,30,,5667,25,0,18,0,70,,5662,25,0,18,0,30,,5665,25,0,18,0
1001,'1',524,,6082,10,0,32,0,30,,6083,10,0,32,0,70,,6088,10,0,32,0,30,,6077,10,0,32,0,70,,6085,10,0,32,0,30,,6086,10,0,32,0,70,,6080,10,0,32,0,30,,6074,10,0,32,0,70,,6081,10,0,32,0,30,,6078,10,0,32,0,70,,6072,10,0,32,0,30,,6068,10,0,32,0,70,,6073,10,0,32,0,30,,5123,10,0,32,0,70,,6070,10,0,32,0,30,,6075,10,0,32,0,70,,2649,10,0,32,0,30,,6092,10,0,32,0,70,,6089,10,0,32,0,30,,2325,10,0,32,0,70,,6071,10,0,32,0,30,,6091,10,0,32,0,70,,6076,10,0,32,0,30,,6090,10,0,32,0,70,,3495,10,0,32,0,30,,6087,10,0,32,0,70,,5229,10,0,32,0,30,,6079,10,0,32,0,70,,6084,10,0,32,0,30,,6069,10,0,32,0
1001,'2',524,,6103,10,0,32,0,30,,6111,10,0,32,0,70,,6113,10,0,32,0,30,,6097,10,0,32,0,70,,6112,10,0,32,0,30,,388,10,0,32,0,70,,6101,10,0,32,0,30,,6100,10,0,32,0,70,,6104,10,0,32,0,30,,4276,10,0,32,0,70,,4681,10,0,32,0,30,,6105,10,0,32,0,70,,6109,10,0,32,0,30,,4750,10,0,32,0,70,,5262,10,0,32,0,30,,6094,10,0,32,0,70,,4760,10,0,32,0,30,,6107,10,0,32,0,70,,6099,10,0,32,0,30,,6110,10,0,32,0,70,,2948,10,0,32,0,30,,6106,10,0,32,0,70,,1278,10,0,32,0,30,,6114,10,0,32,0,70,,6096,10,0,32,0,30,,6108,10,0,32,0,70,,6095,10,0,32,0,30,,6098,10,0,32,0,70,,6093,10,0,32,0,30,,6102,10,0,32,0
1001,'3',854,,6123,10,0,32,0,100,,6126,10,0,32,0,100,,6125,10,0,32,0,100,,6121,10,0,32,0,100,,6118,10,0,32,0,100,,6124,10,0,32,0,100,,6120,10,0,32,0,100,,6119,10,0,32,0,100,,6115,10,0,32,0,100,,6116,10,0,32,0,100,,6117,10,0,32,0,100,,6122,10,0,32,0
1001,'4',524,,4660,10,0,32,0,30,,6133,10,0,32,0,70,,6142,10,0,32,0,30,,6146,10,0,32,0,70,,6143,10,0,32,0,30,,6129,10,0,32,0,70,,6148,10,0,32,0,30,,6144,10,0,32,0,70,,159,10,0,32,0,30,,4736,10,0,32,0,70,,1996,10,0,32,0,30,,6137,10,0,32,0,70,,6139,10,0,32,0,30,,6138,10,0,32,0,70,,6140,10,0,32,0,30,,6127,10,0,32,0,70,,6141,10,0,32,0,30,,566,10,0,32,0,70,,6136,10,0,32,0,30,,6134,10,0,32,0,70,,6145,10,0,32,0,30,,6128,10,0,32,0,70,,4991,10,0,32,0,30,,6149,10,0,32,0,70,,6147,10,0,32,0,30,,6135,10,0,32,0,70,,6130,10,0,32,0,30,,6131,10,0,32,0,70,,4980,10,0,32,0,30,,6132,10,0,32,0
11101,'1',748,,4966,14,,,0
12001,'1',828,,6935,4,0,27 28,0
13501,'1',752,,6954,20,,,0
14000,'1',1555,,5008,4,0,24,0
14300,'1',1558,,2487,4,0,96 97 10 11 31 3 25 26,0
