300,'1',551,,5681,6,0,65 2 64,0,70,,5188,6,0,65 2 64,0,30,,5678,6,0,65 2 64,0,70,,5682,6,0,65 2 64,0,30,,5689,6,0,65 2 64,0,70,,5690,6,0,65 2 64,0,30,,4960,6,0,65 2 64,0,70,,3294,6,0,65 2 64,0,30,,5680,6,0,65 2 64,0,70,,2807,6,0,65 2 64,0,30,,2122,6,0,65 2 64,0,70,,2289,6,0,65 2 64,0,30,,2482,6,0,65 2 64,0,70,,5688,6,0,65 2 64,0,30,,5686,6,0,65 2 64,0,70,,5693,6,0,65 2 64,0,30,,3978,6,0,65 2 64,0,70,,2283,6,0,65 2 64,0,30,,5684,6,0,65 2 64,0,70,,5194,6,0,65 2 64,0,30,,5677,6,0,65 2 64,0,70,,3879,6,0,65 2 64,0,30,,5679,6,0,65 2 64,0,70,,5691,6,0,65 2 64,0,30,,5685,6,0,65 2 64,0,70,,2484,6,0,65 2 64,0,30,,2134,6,0,65 2 64,0,70,,5683,6,0,65 2 64,0,30,,2931,6,0,65 2 64,0,100,,5692,6,0,65 2 64,0,100,,4496,6,0,65 2 64,0,100,,5687,6,0,65 2 64,0
300,'2',551,,2509,6,0,65 2 64,0,70,,2885,6,0,65 2 64,0,30,,4129,6,0,65 2 64,0,70,,5711,6,0,65 2 64,0,30,,5697,6,0,65 2 64,0,70,,5703,6,0,65 2 64,0,30,,3861,6,0,65 2 64,0,70,,4748,6,0,65 2 64,0,30,,3229,6,0,65 2 64,0,70,,5706,6,0,65 2 64,0,30,,5704,6,0,65 2 64,0,70,,4033,6,0,65 2 64,0,30,,5695,6,0,65 2 64,0,70,,5709,6,0,65 2 64,0,30,,2767,6,0,65 2 64,0,70,,5705,6,0,65 2 64,0,30,,5701,6,0,65 2 64,0,70,,4424,6,0,65 2 64,0,30,,5698,6,0,65 2 64,0,70,,5702,6,0,65 2 64,0,30,,5707,6,0,65 2 64,0,70,,5699,6,0,65 2 64,0,30,,4039,6,0,65 2 64,0,70,,5708,6,0,65 2 64,0,30,,3754,6,0,65 2 64,0,70,,4138,6,0,65 2 64,0,30,,123,6,0,65 2 64,0,70,,5710,6,0,65 2 64,0,30,,5696,6,0,65 2 64,0,100,,5694,6,0,65 2 64,0,100,,3097,6,0,65 2 64,0,100,,5700,6,0,65 2 64,0
300,'3',851,,5721,6,0,65 2 64,0,100,,5712,6,0,65 2 64,0,100,,2973,6,0,65 2 64,0,100,,5713,6,0,65 2 64,0,100,,5722,6,0,65 2 64,0,100,,5716,6,0,65 2 64,0,100,,5720,6,0,65 2 64,0,100,,5718,6,0,65 2 64,0,100,,5715,6,0,65 2 64,0,100,,5714,6,0,65 2 64,0,100,,5719,6,0,65 2 64,0,100,,5717,6,0,65 2 64,0
300,'4',551,,3920,6,0,65 2 64,0,70,,5735,6,0,65 2 64,0,30,,5731,6,0,65 2 64,0,70,,4338,6,0,65 2 64,0,30,,3834,6,0,65 2 64,0,70,,4013,6,0,65 2 64,0,30,,5732,6,0,65 2 64,0,70,,5724,6,0,65 2 64,0,30,,5742,6,0,65 2 64,0,70,,5738,6,0,65 2 64,0,30,,5741,6,0,65 2 64,0,70,,4404,6,0,65 2 64,0,30,,5740,6,0,65 2 64,0,70,,3926,6,0,65 2 64,0,30,,5727,6,0,65 2 64,0,70,,5739,6,0,65 2 64,0,30,,5726,6,0,65 2 64,0,70,,5737,6,0,65 2 64,0,30,,5725,6,0,65 2 64,0,70,,5743,6,0,65 2 64,0,30,,4659,6,0,65 2 64,0,70,,5729,6,0,65 2 64,0,30,,5736,6,0,65 2 64,0,70,,5723,6,0,65 2 64,0,30,,5734,6,0,65 2 64,0,70,,2862,6,0,65 2 64,0,30,,5730,6,0,65 2 64,0,70,,5733,6,0,65 2 64,0,30,,5728,6,0,65 2 64,0,100,,3177,6,0,65 2 64,0,100,,4388,6,0,65 2 64,0,100,,4741,6,0,65 2 64,0
301,'1',528,,5748,14,0,65 2 64,0,30,,4629,14,0,65 2 64,0,70,,5759,14,0,65 2 64,0,30,,5767,14,0,65 2 64,0,70,,5753,14,0,65 2 64,0,30,,5745,14,0,65 2 64,0,70,,5770,14,0,65 2 64,0,30,,5747,14,0,65 2 64,0,70,,4500,14,0,65 2 64,0,30,,3009,14,0,65 2 64,0,70,,5746,14,0,65 2 64,0,30,,5766,14,0,65 2 64,0,70,,2239,14,0,65 2 64,0,30,,3878,14,0,65 2 64,0,70,,5749,14,0,65 2 64,0,30,,5769,14,0,65 2 64,0,70,,5755,14,0,65 2 64,0,30,,5768,14,0,65 2 64,0,70,,5752,14,0,65 2 64,0,30,,5763,14,0,65 2 64,0,70,,5758,14,0,65 2 64,0,30,,5765,14,0,65 2 64,0,70,,3190,14,0,65 2 64,0,30,,5760,14,0,65 2 64,0,70,,5757,14,0,65 2 64,0,30,,5744,14,0,65 2 64,0,70,,5756,14,0,65 2 64,0,30,,5750,14,0,65 2 64,0,70,,5762,14,0,65 2 64,0,30,,3969,14,0,65 2 64,0,70,,5761,14,0,65 2 64,0,100,,5764,14,0,65 2 64,0,100,,5754,14,0,65 2 64,0,100,,5751,14,0,65 2 64,0
301,'2',528,,5777,14,0,65 2 64,0,30,,5793,14,0,65 2 64,0,70,,5785,14,0,65 2 64,0,30,,5790,14,0,65 2 64,0,70,,5786,14,0,65 2 64,0,30,,3951,14,0,65 2 64,0,70,,5780,14,0,65 2 64,0,30,,5789,14,0,65 2 64,0,70,,5787,14,0,65 2 64,0,30,,5781,14,0,65 2 64,0,70,,5782,14,0,65 2 64,0,30,,5778,14,0,65 2 64,0,70,,5792,14,0,65 2 64,0,30,,4754,14,0,65 2 64,0,70,,5771,14,0,65 2 64,0,30,,3558,14,0,65 2 64,0,70,,4606,14,0,65 2 64,0,30,,5774,14,0,65 2 64,0,70,,5779,14,0,65 2 64,0,30,,2752,14,0,65 2 64,0,70,,5784,14,0,65 2 64,0,30,,5772,14,0,65 2 64,0,70,,3393,14,0,65 2 64,0,30,,5773,14,0,65 2 64,0,70,,4546,14,0,65 2 64,0,30,,5776,14,0,65 2 64,0,70,,5775,14,0,65 2 64,0,30,,5198,14,0,65 2 64,0,70,,4136,14,0,65 2 64,0,30,,5783,14,0,65 2 64,0,70,,5232,14,0,65 2 64,0,100,,5788,14,0,65 2 64,0,100,,5791,14,0,65 2 64,0,100,,5794,14,0,65 2 64,0
301,'3',828,,5798,14,0,65 2 64,0,100,,5805,14,0,65 2 64,0,100,,4712,14,0,65 2 64,0,100,,5797,14,0,65 2 64,0,100,,5803,14,0,65 2 64,0,100,,5802,14,0,65 2 64,0,100,,5796,14,0,65 2 64,0,100,,5801,14,0,65 2 64,0,100,,5799,14,0,65 2 64,0,100,,5804,14,0,65 2 64,0,100,,5795,14,0,65 2 64,0,100,,5800,14,0,65 2 64,0
301,'4',528,,5825,14,0,65 2 64,0,30,,567,14,0,65 2 64,0,70,,5810,14,0,65 2 64,0,30,,5820,14,0,65 2 64,0,70,,3706,14,0,65 2 64,0,30,,5808,14,0,65 2 64,0,70,,5828,14,0,65 2 64,0,30,,5830,14,0,65 2 64,0,70,,5822,14,0,65 2 64,0,30,,5833,14,0,65 2 64,0,70,,5819,14,0,65 2 64,0,30,,5812,14,0,65 2 64,0,70,,5807,14,0,65 2 64,0,30,,5816,14,0,65 2 64,0,70,,5827,14,0,65 2 64,0,30,,2111,14,0,65 2 64,0,70,,5814,14,0,65 2 64,0,30,,5811,14,0,65 2 64,0,70,,5823,14,0,65 2 64,0,30,,3046,14,0,65 2 64,0,70,,4394,14,0,65 2 64,0,30,,5826,14,0,65 2 64,0,70,,5824,14,0,65 2 64,0,30,,5831,14,0,65 2 64,0,70,,5815,14,0,65 2 64,0,30,,5829,14,0,65 2 64,0,70,,5809,14,0,65 2 64,0,30,,5832,14,0,65 2 64,0,70,,5821,14,0,65 2 64,0,30,,5813,14,0,65 2 64,0,70,,5818,14,0,65 2 64,0,100,,5806,14,0,65 2 64,0,100,,4319,14,0,65 2 64,0,100,,5817,14,0,65 2 64,0
1300,'1',522,,6496,5,0,63 11 2 64 2 20,0,30,,6485,5,0,63 11 2 64 2 20,0,70,,6488,5,0,63 11 2 64 2 20,0,30,,6497,5,0,63 11 2 64 2 20,0,70,,4370,5,0,63 11 2 64 2 20,0,30,,6492,5,0,63 11 2 64 2 20,0,70,,2574,5,0,63 11 2 64 2 20,0,30,,6487,5,0,63 11 2 64 2 20,0,70,,4441,5,0,63 11 2 64 2 20,0,30,,6498,5,0,63 11 2 64 2 20,0,70,,6495,5,0,63 11 2 64 2 20,0,100,,6494,5,0,63 11 2 64 2 20,0,100,,6493,5,0,63 11 2 64 2 20,0,100,,6486,5,0,63 11 2 64 2 20,0,100,,6484,5,0,63 11 2 64 2 20,0,100,,2736,5,0,63 11 2 64 2 20,0,30,,6491,5,0,63 11 2 64 2 20,0,70,,4778,5,0,63 11 2 64 2 20,0,30,,6490,5,0,63 11 2 64 2 20,0,70,,6500,5,0,63 11 2 64 2 20,0,30,,6499,5,0,63 11 2 64 2 20,0,70,,6489,5,0,63 11 2 64 2 20,0,30,,2405,5,0,63 11 2 64 2 20,0,70,,3499,5,0,63 11 2 64 2 20,0,30,,6483,5,0,63 11 2 64 2 20,0
1300,'2',522,,6515,5,0,63 11 2 64 2 20,0,30,,6508,5,0,63 11 2 64 2 20,0,70,,6511,5,0,63 11 2 64 2 20,0,30,,6512,5,0,63 11 2 64 2 20,0,70,,3939,5,0,63 11 2 64 2 20,0,30,,6502,5,0,63 11 2 64 2 20,0,70,,6507,5,0,63 11 2 64 2 20,0,30,,6517,5,0,63 11 2 64 2 20,0,70,,4675,5,0,63 11 2 64 2 20,0,30,,4277,5,0,63 11 2 64 2 20,0,70,,6509,5,0,63 11 2 64 2 20,0,100,,6516,5,0,63 11 2 64 2 20,0,100,,6504,5,0,63 11 2 64 2 20,0,100,,6506,5,0,63 11 2 64 2 20,0,100,,4611,5,0,63 11 2 64 2 20,0,100,,6513,5,0,63 11 2 64 2 20,0,30,,4035,5,0,63 11 2 64 2 20,0,70,,6518,5,0,63 11 2 64 2 20,0,30,,6501,5,0,63 11 2 64 2 20,0,70,,6514,5,0,63 11 2 64 2 20,0,30,,4617,5,0,63 11 2 64 2 20,0,70,,6510,5,0,63 11 2 64 2 20,0,30,,6503,5,0,63 11 2 64 2 20,0,70,,6505,5,0,63 11 2 64 2 20,0,30,,101,5,0,63 11 2 64 2 20,0
1300,'3',852,,6527,5,0,63 11 2 64 2 20,0,100,,6525,5,0,63 11 2 64 2 20,0,100,,6522,5,0,63 11 2 64 2 20,0,100,,6526,5,0,63 11 2 64 2 20,0,100,,6523,5,0,63 11 2 64 2 20,0,100,,6528,5,0,63 11 2 64 2 20,0,100,,6519,5,0,63 11 2 64 2 20,0,100,,4092,5,0,63 11 2 64 2 20,0,100,,6524,5,0,63 11 2 64 2 20,0,100,,6520,5,0,63 11 2 64 2 20,0,100,,6521,5,0,63 11 2 64 2 20,0,100,,4796,5,0,63 11 2 64 2 20,0
1300,'4',522,,5033,5,0,63 11 2 64 2 20,0,30,,6538,5,0,63 11 2 64 2 20,0,70,,6540,5,0,63 11 2 64 2 20,0,30,,3127,5,0,63 11 2 64 2 20,0,70,,3938,5,0,63 11 2 64 2 20,0,30,,4602,5,0,63 11 2 64 2 20,0,70,,6541,5,0,63 11 2 64 2 20,0,30,,3541,5,0,63 11 2 64 2 20,0,70,,4014,5,0,63 11 2 64 2 20,0,30,,6530,5,0,63 11 2 64 2 20,0,70,,6543,5,0,63 11 2 64 2 20,0,100,,6542,5,0,63 11 2 64 2 20,0,100,,6529,5,0,63 11 2 64 2 20,0,100,,2856,5,0,63 11 2 64 2 20,0,100,,6537,5,0,63 11 2 64 2 20,0,100,,6536,5,0,63 11 2 64 2 20,0,30,,6539,5,0,63 11 2 64 2 20,0,70,,6535,5,0,63 11 2 64 2 20,0,30,,6533,5,0,63 11 2 64 2 20,0,70,,6544,5,0,63 11 2 64 2 20,0,30,,6534,5,0,63 11 2 64 2 20,0,70,,448,5,0,63 11 2 64 2 20,0,30,,4402,5,0,63 11 2 64 2 20,0,70,,6532,5,0,63 11 2 64 2 20,0,30,,6531,5,0,63 11 2 64 2 20,0
