1501,'1',558,,6678,20,0,38 2 39,0,70,,6680,20,0,38 2 39,0,30,,4375,20,0,38 2 39,0,70,,2327,20,0,38 2 39,0,30,,3728,20,0,38 2 39,0,70,,6681,20,0,38 2 39,0,30,,6669,20,0,38 2 39,0,70,,6670,20,0,38 2 39,0,30,,6675,20,0,38 2 39,0,100,,4564,20,0,38 2 39,0,100,,6683,20,0,38 2 39,0,100,,6677,20,0,38 2 39,0,100,,6672,20,0,38 2 39,0,100,,6671,20,0,38 2 39,0,70,,6682,20,0,38 2 39,0,30,,6676,20,0,38 2 39,0,70,,6673,20,0,38 2 39,0,30,,6679,20,0,38 2 39,0,70,,1574,20,0,38 2 39,0,30,,3977,20,0,38 2 39,0,70,,6674,20,0,38 2 39,0,30,,6684,20,0,38 2 39,0,100,,2654,20,0,38 2 39,0
1501,'2',558,,3154,20,0,38 2 39,0,70,,6692,20,0,38 2 39,0,30,,6691,20,0,38 2 39,0,70,,6702,20,0,38 2 39,0,30,,6689,20,0,38 2 39,0,70,,6700,20,0,38 2 39,0,30,,4836,20,0,38 2 39,0,70,,6698,20,0,38 2 39,0,30,,6693,20,0,38 2 39,0,100,,6686,20,0,38 2 39,0,100,,6690,20,0,38 2 39,0,100,,6697,20,0,38 2 39,0,100,,6695,20,0,38 2 39,0,100,,6696,20,0,38 2 39,0,70,,6701,20,0,38 2 39,0,30,,975,20,0,38 2 39,0,70,,6687,20,0,38 2 39,0,30,,6699,20,0,38 2 39,0,70,,6685,20,0,38 2 39,0,30,,5265,20,0,38 2 39,0,70,,3945,20,0,38 2 39,0,30,,6694,20,0,38 2 39,0,100,,6688,20,0,38 2 39,0
1501,'3',901,,4000,20,0,38 2 39,0,100,,6706,20,0,38 2 39,0,100,,6712,20,0,38 2 39,0,100,,6708,20,0,38 2 39,0,100,,6713,20,0,38 2 39,0,100,,6710,20,0,38 2 39,0,100,,6711,20,0,38 2 39,0,100,,6705,20,0,38 2 39,0,100,,6704,20,0,38 2 39,0,100,,6709,20,0,38 2 39,0,100,,6707,20,0,38 2 39,0,100,,6703,20,0,38 2 39,0
1501,'4',558,,6722,20,0,38 2 39,0,70,,6715,20,0,38 2 39,0,30,,432,20,0,38 2 39,0,70,,6721,20,0,38 2 39,0,30,,6728,20,0,38 2 39,0,70,,6723,20,0,38 2 39,0,30,,6725,20,0,38 2 39,0,70,,4472,20,0,38 2 39,0,30,,6714,20,0,38 2 39,0,100,,6717,20,0,38 2 39,0,100,,6724,20,0,38 2 39,0,100,,5037,20,0,38 2 39,0,100,,4023,20,0,38 2 39,0,100,,6719,20,0,38 2 39,0,70,,1658,20,0,38 2 39,0,30,,6727,20,0,38 2 39,0,70,,6726,20,0,38 2 39,0,30,,333,20,0,38 2 39,0,70,,6716,20,0,38 2 39,0,30,,6729,20,0,38 2 39,0,70,,6718,20,0,38 2 39,0,30,,6720,20,0,38 2 39,0,100,,1222,20,0,38 2 39,0
1601,'1',537,,6816,7,0,66 67,0,70,,6812,7,0,66 67,0,30,,6822,7,0,66 67,0,70,,6829,7,0,66 67,0,30,,6819,7,0,66 67,0,70,,6813,7,0,66 67,0,30,,6818,7,0,66 67,0,70,,1935,7,0,66 67,0,30,,6820,7,0,66 67,0,70,,6809,7,0,66 67,0,30,,6814,7,0,66 67,0,70,,6810,7,0,66 67,0,30,,6832,7,0,66 67,0,70,,6821,7,0,66 67,0,30,,6817,7,0,66 67,0,70,,6828,7,0,66 67,0,30,,6824,7,0,66 67,0,70,,1142,7,0,66 67,0,30,,6830,7,0,66 67,0,70,,6815,7,0,66 67,0,30,,6831,7,0,66 67,0,70,,3791,7,0,66 67,0,30,,5221,7,0,66 67,0,70,,1332,7,0,66 67,0,30,,6811,7,0,66 67,0,70,,4073,7,0,66 67,0,30,,6827,7,0,66 67,0,70,,6823,7,0,66 67,0,30,,6826,7,0,66 67,0,70,,6825,7,0,66 67,0
1601,'2',537,,6843,7,0,66 67,0,70,,6836,7,0,66 67,0,30,,6847,7,0,66 67,0,70,,4341,7,0,66 67,0,30,,6841,7,0,66 67,0,70,,6839,7,0,66 67,0,30,,6842,7,0,66 67,0,70,,6851,7,0,66 67,0,30,,6834,7,0,66 67,0,70,,6837,7,0,66 67,0,30,,4212,7,0,66 67,0,70,,4898,7,0,66 67,0,30,,6846,7,0,66 67,0,70,,4493,7,0,66 67,0,30,,6850,7,0,66 67,0,70,,6835,7,0,66 67,0,30,,4488,7,0,66 67,0,70,,6852,7,0,66 67,0,30,,6848,7,0,66 67,0,70,,4217,7,0,66 67,0,30,,4352,7,0,66 67,0,70,,6838,7,0,66 67,0,30,,1063,7,0,66 67,0,70,,6840,7,0,66 67,0,30,,512,7,0,66 67,0,70,,4045,7,0,66 67,0,30,,6849,7,0,66 67,0,70,,6844,7,0,66 67,0,30,,6845,7,0,66 67,0,70,,6833,7,0,66 67,0
1601,'3',908,,6856,7,0,66 67,0,100,,6858,7,0,66 67,0,100,,6862,7,0,66 67,0,100,,6857,7,0,66 67,0,100,,6855,7,0,66 67,0,100,,6861,7,0,66 67,0,100,,6854,7,0,66 67,0,100,,5137,7,0,66 67,0,100,,6863,7,0,66 67,0,100,,6860,7,0,66 67,0,100,,6859,7,0,66 67,0,100,,6853,7,0,66 67,0
1601,'4',537,,6866,7,0,66 67,0,70,,6872,7,0,66 67,0,30,,6868,7,0,66 67,0,70,,6871,7,0,66 67,0,30,,6875,7,0,66 67,0,70,,4401,7,0,66 67,0,30,,3359,7,0,66 67,0,70,,4096,7,0,66 67,0,30,,6874,7,0,66 67,0,70,,6864,7,0,66 67,0,30,,6869,7,0,66 67,0,70,,2372,7,0,66 67,0,30,,6879,7,0,66 67,0,70,,6867,7,0,66 67,0,30,,4821,7,0,66 67,0,70,,6876,7,0,66 67,0,30,,4022,7,0,66 67,0,70,,6870,7,0,66 67,0,30,,4655,7,0,66 67,0,70,,6873,7,0,66 67,0,30,,5147,7,0,66 67,0,70,,6865,7,0,66 67,0,30,,3828,7,0,66 67,0,70,,6882,7,0,66 67,0,30,,6881,7,0,66 67,0,70,,4254,7,0,66 67,0,30,,4604,7,0,66 67,0,70,,6877,7,0,66 67,0,30,,6880,7,0,66 67,0,70,,6878,7,0,66 67,0
11301,'1',754,,6934,16,,,0
13301,'1',753,,3601,13,,,0,0,,5061,16,,,0
13901,'1',749,,6960,15,,,0
