1501,'1',556,,6678,18,0,38 2 39,0,70,,6680,18,0,38 2 39,0,30,,4375,18,0,38 2 39,0,70,,2327,18,0,38 2 39,0,30,,3728,18,0,38 2 39,0,70,,6681,18,0,38 2 39,0,30,,6669,18,0,38 2 39,0,70,,6670,18,0,38 2 39,0,30,,6675,18,0,38 2 39,0,100,,4564,18,0,38 2 39,0,100,,6683,18,0,38 2 39,0,100,,6677,18,0,38 2 39,0,100,,6672,18,0,38 2 39,0,100,,6671,18,0,38 2 39,0,70,,6682,18,0,38 2 39,0,30,,6676,18,0,38 2 39,0,70,,6673,18,0,38 2 39,0,30,,6679,18,0,38 2 39,0,70,,1574,18,0,38 2 39,0,30,,3977,18,0,38 2 39,0,70,,6674,18,0,38 2 39,0,30,,6684,18,0,38 2 39,0,100,,2654,18,0,38 2 39,0
1501,'2',556,,3154,18,0,38 2 39,0,70,,6692,18,0,38 2 39,0,30,,6691,18,0,38 2 39,0,70,,6702,18,0,38 2 39,0,30,,6689,18,0,38 2 39,0,70,,6700,18,0,38 2 39,0,30,,4836,18,0,38 2 39,0,70,,6698,18,0,38 2 39,0,30,,6693,18,0,38 2 39,0,100,,6686,18,0,38 2 39,0,100,,6690,18,0,38 2 39,0,100,,6697,18,0,38 2 39,0,100,,6695,18,0,38 2 39,0,100,,6696,18,0,38 2 39,0,70,,6701,18,0,38 2 39,0,30,,975,18,0,38 2 39,0,70,,6687,18,0,38 2 39,0,30,,6699,18,0,38 2 39,0,70,,6685,18,0,38 2 39,0,30,,5265,18,0,38 2 39,0,70,,3945,18,0,38 2 39,0,30,,6694,18,0,38 2 39,0,100,,6688,18,0,38 2 39,0
1501,'3',858,,4000,18,0,38 2 39,0,100,,6706,18,0,38 2 39,0,100,,6712,18,0,38 2 39,0,100,,6708,18,0,38 2 39,0,100,,6713,18,0,38 2 39,0,100,,6710,18,0,38 2 39,0,100,,6711,18,0,38 2 39,0,100,,6705,18,0,38 2 39,0,100,,6704,18,0,38 2 39,0,100,,6709,18,0,38 2 39,0,100,,6707,18,0,38 2 39,0,100,,6703,18,0,38 2 39,0
1501,'4',556,,6722,18,0,38 2 39,0,70,,6715,18,0,38 2 39,0,30,,432,18,0,38 2 39,0,70,,6721,18,0,38 2 39,0,30,,6728,18,0,38 2 39,0,70,,6723,18,0,38 2 39,0,30,,6725,18,0,38 2 39,0,70,,4472,18,0,38 2 39,0,30,,6714,18,0,38 2 39,0,100,,6717,18,0,38 2 39,0,100,,6724,18,0,38 2 39,0,100,,5037,18,0,38 2 39,0,100,,4023,18,0,38 2 39,0,100,,6719,18,0,38 2 39,0,70,,1658,18,0,38 2 39,0,30,,6727,18,0,38 2 39,0,70,,6726,18,0,38 2 39,0,30,,333,18,0,38 2 39,0,70,,6716,18,0,38 2 39,0,30,,6729,18,0,38 2 39,0,70,,6718,18,0,38 2 39,0,30,,6720,18,0,38 2 39,0,100,,1222,18,0,38 2 39,0
1601,'1',534,,6816,5,0,66 67,0,70,,6812,5,0,66 67,0,30,,6822,5,0,66 67,0,70,,6829,5,0,66 67,0,30,,6819,5,0,66 67,0,70,,6813,5,0,66 67,0,30,,6818,5,0,66 67,0,70,,1935,5,0,66 67,0,30,,6820,5,0,66 67,0,70,,6809,5,0,66 67,0,30,,6814,5,0,66 67,0,70,,6810,5,0,66 67,0,30,,6832,5,0,66 67,0,70,,6821,5,0,66 67,0,30,,6817,5,0,66 67,0,70,,6828,5,0,66 67,0,30,,6824,5,0,66 67,0,70,,1142,5,0,66 67,0,30,,6830,5,0,66 67,0,70,,6815,5,0,66 67,0,30,,6831,5,0,66 67,0,70,,3791,5,0,66 67,0,30,,5221,5,0,66 67,0,70,,1332,5,0,66 67,0,30,,6811,5,0,66 67,0,70,,4073,5,0,66 67,0,30,,6827,5,0,66 67,0,70,,6823,5,0,66 67,0,30,,6826,5,0,66 67,0,70,,6825,5,0,66 67,0
1601,'2',534,,6843,5,0,66 67,0,70,,6836,5,0,66 67,0,30,,6847,5,0,66 67,0,70,,4341,5,0,66 67,0,30,,6841,5,0,66 67,0,70,,6839,5,0,66 67,0,30,,6842,5,0,66 67,0,70,,6851,5,0,66 67,0,30,,6834,5,0,66 67,0,70,,6837,5,0,66 67,0,30,,4212,5,0,66 67,0,70,,4898,5,0,66 67,0,30,,6846,5,0,66 67,0,70,,4493,5,0,66 67,0,30,,6850,5,0,66 67,0,70,,6835,5,0,66 67,0,30,,4488,5,0,66 67,0,70,,6852,5,0,66 67,0,30,,6848,5,0,66 67,0,70,,4217,5,0,66 67,0,30,,4352,5,0,66 67,0,70,,6838,5,0,66 67,0,30,,1063,5,0,66 67,0,70,,6840,5,0,66 67,0,30,,512,5,0,66 67,0,70,,4045,5,0,66 67,0,30,,6849,5,0,66 67,0,70,,6844,5,0,66 67,0,30,,6845,5,0,66 67,0,70,,6833,5,0,66 67,0
1601,'3',905,,6856,5,0,66 67,0,100,,6858,5,0,66 67,0,100,,6862,5,0,66 67,0,100,,6857,5,0,66 67,0,100,,6855,5,0,66 67,0,100,,6861,5,0,66 67,0,100,,6854,5,0,66 67,0,100,,5137,5,0,66 67,0,100,,6863,5,0,66 67,0,100,,6860,5,0,66 67,0,100,,6859,5,0,66 67,0,100,,6853,5,0,66 67,0
1601,'4',534,,6866,5,0,66 67,0,70,,6872,5,0,66 67,0,30,,6868,5,0,66 67,0,70,,6871,5,0,66 67,0,30,,6875,5,0,66 67,0,70,,4401,5,0,66 67,0,30,,3359,5,0,66 67,0,70,,4096,5,0,66 67,0,30,,6874,5,0,66 67,0,70,,6864,5,0,66 67,0,30,,6869,5,0,66 67,0,70,,2372,5,0,66 67,0,30,,6879,5,0,66 67,0,70,,6867,5,0,66 67,0,30,,4821,5,0,66 67,0,70,,6876,5,0,66 67,0,30,,4022,5,0,66 67,0,70,,6870,5,0,66 67,0,30,,4655,5,0,66 67,0,70,,6873,5,0,66 67,0,30,,5147,5,0,66 67,0,70,,6865,5,0,66 67,0,30,,3828,5,0,66 67,0,70,,6882,5,0,66 67,0,30,,6881,5,0,66 67,0,70,,4254,5,0,66 67,0,30,,4604,5,0,66 67,0,70,,6877,5,0,66 67,0,30,,6880,5,0,66 67,0,70,,6878,5,0,66 67,0
11201,'1',749,,214,20,,,0
13201,'1',748,,3614,5,0,33,0
13901,'1',746,,6960,14,,,0
