400,'1',549,,5180,30,0,21 2 22 23,0,69,,5835,30,0,21 2 22 23,0,31,,5840,30,0,21 2 22 23,0,70,,5849,30,0,21 2 22 23,0,30,,5843,30,0,21 2 22 23,0,69,,3789,30,0,21 2 22 23,0,31,,5845,30,0,21 2 22 23,0,70,,5848,30,0,21 2 22 23,0,30,,5856,30,0,21 2 22 23,0,69,,4693,30,0,21 2 22 23,0,31,,5850,30,0,21 2 22 23,0,69,,5854,30,0,21 2 22 23,0,31,,4695,30,0,21 2 22 23,0,69,,5839,30,0,21 2 22 23,0,31,,5837,30,0,21 2 22 23,0,69,,5846,30,0,21 2 22 23,0,31,,5211,30,0,21 2 22 23,0,69,,5838,30,0,21 2 22 23,0,31,,3137,30,0,21 2 22 23,0,70,,5842,30,0,21 2 22 23,0,30,,5847,30,0,21 2 22 23,0,69,,4514,30,0,21 2 22 23,0,31,,5853,30,0,21 2 22 23,0,70,,5851,30,0,21 2 22 23,0,30,,3875,30,0,21 2 22 23,0,69,,3983,30,0,21 2 22 23,0,31,,923,30,0,21 2 22 23,0,70,,5852,30,0,21 2 22 23,0,30,,5841,30,0,21 2 22 23,0,70,,5844,30,0,21 2 22 23,0,100,,5834,30,0,21 2 22 23,0,100,,5855,30,0,21 2 22 23,0,100,,3500,30,0,21 2 22 23,0
400,'2',548,,5242,30,0,21 2 22 23,0,70,,5859,30,0,21 2 22 23,0,30,,5862,30,0,21 2 22 23,0,71,,3864,30,0,21 2 22 23,0,29,,5869,30,0,21 2 22 23,0,70,,5874,30,0,21 2 22 23,0,30,,5865,30,0,21 2 22 23,0,71,,5880,30,0,21 2 22 23,0,29,,5877,30,0,21 2 22 23,0,70,,5857,30,0,21 2 22 23,0,30,,5863,30,0,21 2 22 23,0,71,,5875,30,0,21 2 22 23,0,29,,5867,30,0,21 2 22 23,0,70,,5248,30,0,21 2 22 23,0,30,,4548,30,0,21 2 22 23,0,71,,5878,30,0,21 2 22 23,0,29,,3562,30,0,21 2 22 23,0,70,,3963,30,0,21 2 22 23,0,30,,5870,30,0,21 2 22 23,0,71,,5872,30,0,21 2 22 23,0,29,,5861,30,0,21 2 22 23,0,70,,5879,30,0,21 2 22 23,0,30,,5864,30,0,21 2 22 23,0,71,,5866,30,0,21 2 22 23,0,29,,5873,30,0,21 2 22 23,0,70,,3964,30,0,21 2 22 23,0,30,,5868,30,0,21 2 22 23,0,71,,5858,30,0,21 2 22 23,0,29,,5881,30,0,21 2 22 23,0,70,,5876,30,0,21 2 22 23,0,101,,5860,30,0,21 2 22 23,0,99,,4684,30,0,21 2 22 23,0,101,,640,30,0,21 2 22 23,0
400,'3',848,,5884,30,0,21 2 22 23,0,100,,5070,30,0,21 2 22 23,0,100,,5891,30,0,21 2 22 23,0,100,,5889,30,0,21 2 22 23,0,100,,3406,30,0,21 2 22 23,0,100,,5887,30,0,21 2 22 23,0,100,,5885,30,0,21 2 22 23,0,100,,5886,30,0,21 2 22 23,0,100,,3808,30,0,21 2 22 23,0,100,,5882,30,0,21 2 22 23,0,100,,5888,30,0,21 2 22 23,0,100,,5883,30,0,21 2 22 23,0
400,'4',548,,5893,30,0,21 2 22 23,0,70,,3919,30,0,21 2 22 23,0,30,,5905,30,0,21 2 22 23,0,71,,5902,30,0,21 2 22 23,0,29,,5900,30,0,21 2 22 23,0,70,,5901,30,0,21 2 22 23,0,30,,3927,30,0,21 2 22 23,0,71,,5892,30,0,21 2 22 23,0,29,,4178,30,0,21 2 22 23,0,70,,5906,30,0,21 2 22 23,0,30,,5903,30,0,21 2 22 23,0,70,,4337,30,0,21 2 22 23,0,30,,4332,30,0,21 2 22 23,0,70,,4668,30,0,21 2 22 23,0,31,,5894,30,0,21 2 22 23,0,69,,5897,30,0,21 2 22 23,0,30,,4252,30,0,21 2 22 23,0,70,,5895,30,0,21 2 22 23,0,31,,299,30,0,21 2 22 23,0,69,,5904,30,0,21 2 22 23,0,30,,5909,30,0,21 2 22 23,0,70,,3582,30,0,21 2 22 23,0,31,,5896,30,0,21 2 22 23,0,70,,2983,30,0,21 2 22 23,0,29,,2635,30,0,21 2 22 23,0,70,,4881,30,0,21 2 22 23,0,31,,5907,30,0,21 2 22 23,0,70,,5899,30,0,21 2 22 23,0,29,,5898,30,0,21 2 22 23,0,70,,3935,30,0,21 2 22 23,0,101,,5092,30,0,21 2 22 23,0,99,,3257,30,0,21 2 22 23,0,101,,5908,30,0,21 2 22 23,0
12000,'1',1545,,3974,1,0,25 26 3 27 16,0
12001,'1',845,,6935,16,4,,0
12100,'1',1545,,6936,1,0,27 28,0
12101,'1',845,,6937,18,4,,0
12200,'1',1545,,6938,1,,,0
12201,'1',845,,6939,18,4,,0
12300,'1',1545,,6940,1,0,91 92 10 11 93 13,0
12301,'1',845,,6941,23,4,,0
14300,'1',1620,,2487,24,4,,0
