100,'1',523,,5286,13,0,40 41 42 43,0,30,,5296,13,0,40 41 42 43,0,70,,5294,13,0,40 41 42 43,0,30,,5291,13,0,40 41 42 43,0,70,,5290,13,0,40 41 42 43,0,30,,5299,13,0,40 41 42 43,0,70,,215,13,0,40 41 42 43,0,30,,5304,13,0,40 41 42 43,0,70,,5301,13,0,40 41 42 43,0,30,,5303,13,0,40 41 42 43,0,70,,4857,13,0,40 41 42 43,0,30,,5280,13,0,40 41 42 43,0,70,,5295,13,0,40 41 42 43,0,30,,5297,13,0,40 41 42 43,0,70,,5288,13,0,40 41 42 43,0,30,,5298,13,0,40 41 42 43,0,70,,5292,13,0,40 41 42 43,0,30,,4363,13,0,40 41 42 43,0,70,,5284,13,0,40 41 42 43,0,30,,5283,13,0,40 41 42 43,0,70,,3885,13,0,40 41 42 43,0,30,,5293,13,0,40 41 42 43,0,70,,5302,13,0,40 41 42 43,0,30,,4632,13,0,40 41 42 43,0,70,,2042,13,0,40 41 42 43,0,30,,3490,13,0,40 41 42 43,0,70,,5281,13,0,40 41 42 43,0,30,,5287,13,0,40 41 42 43,0,70,,5279,13,0,40 41 42 43,0,30,,4777,13,0,40 41 42 43,0,70,,5300,13,0,40 41 42 43,0,30,,4961,13,0,40 41 42 43,0,70,,4638,13,0,40 41 42 43,0,30,,5285,13,0,40 41 42 43,0,70,,5289,13,0,40 41 42 43,0,30,,5282,13,0,40 41 42 43,0
100,'2',523,,5326,13,0,40 41 42 43,0,30,,5320,13,0,40 41 42 43,0,70,,5310,13,0,40 41 42 43,0,30,,4998,13,0,40 41 42 43,0,70,,5322,13,0,40 41 42 43,0,30,,5307,13,0,40 41 42 43,0,70,,5329,13,0,40 41 42 43,0,30,,5319,13,0,40 41 42 43,0,70,,5312,13,0,40 41 42 43,0,30,,5309,13,0,40 41 42 43,0,70,,5106,13,0,40 41 42 43,0,30,,5313,13,0,40 41 42 43,0,70,,5308,13,0,40 41 42 43,0,30,,5323,13,0,40 41 42 43,0,70,,3846,13,0,40 41 42 43,0,30,,5324,13,0,40 41 42 43,0,70,,2950,13,0,40 41 42 43,0,30,,5305,13,0,40 41 42 43,0,70,,5318,13,0,40 41 42 43,0,30,,5316,13,0,40 41 42 43,0,70,,5325,13,0,40 41 42 43,0,30,,4954,13,0,40 41 42 43,0,70,,5311,13,0,40 41 42 43,0,30,,5306,13,0,40 41 42 43,0,70,,2823,13,0,40 41 42 43,0,30,,5317,13,0,40 41 42 43,0,70,,5330,13,0,40 41 42 43,0,30,,5315,13,0,40 41 42 43,0,70,,5273,13,0,40 41 42 43,0,30,,5327,13,0,40 41 42 43,0,70,,4196,13,0,40 41 42 43,0,30,,4943,13,0,40 41 42 43,0,70,,1887,13,0,40 41 42 43,0,30,,5328,13,0,40 41 42 43,0,70,,5314,13,0,40 41 42 43,0,30,,2597,13,0,40 41 42 43,0
100,'3',823,,5331,13,0,40 41 42 43,0,30,,5336,13,0,40 41 42 43,0,70,,5334,13,0,40 41 42 43,0,30,,5346,13,0,40 41 42 43,0,70,,5350,13,0,40 41 42 43,0,30,,5347,13,0,40 41 42 43,0,70,,5339,13,0,40 41 42 43,0,30,,5342,13,0,40 41 42 43,0,70,,4719,13,0,40 41 42 43,0,30,,5352,13,0,40 41 42 43,0,70,,5340,13,0,40 41 42 43,0,30,,5335,13,0,40 41 42 43,0,70,,5351,13,0,40 41 42 43,0,30,,5348,13,0,40 41 42 43,0,70,,5338,13,0,40 41 42 43,0,30,,5337,13,0,40 41 42 43,0,70,,5343,13,0,40 41 42 43,0,30,,5344,13,0,40 41 42 43,0,70,,5345,13,0,40 41 42 43,0,30,,5349,13,0,40 41 42 43,0,70,,5333,13,0,40 41 42 43,0,30,,5341,13,0,40 41 42 43,0,70,,5332,13,0,40 41 42 43,0
100,'4',523,,5380,13,0,40 41 42 43,0,30,,5358,13,0,40 41 42 43,0,70,,5360,13,0,40 41 42 43,0,30,,5364,13,0,40 41 42 43,0,70,,2555,13,0,40 41 42 43,0,30,,5359,13,0,40 41 42 43,0,70,,5372,13,0,40 41 42 43,0,30,,5370,13,0,40 41 42 43,0,70,,5375,13,0,40 41 42 43,0,30,,5371,13,0,40 41 42 43,0,70,,5035,13,0,40 41 42 43,0,30,,2464,13,0,40 41 42 43,0,70,,5373,13,0,40 41 42 43,0,30,,4017,13,0,40 41 42 43,0,70,,5361,13,0,40 41 42 43,0,30,,5357,13,0,40 41 42 43,0,70,,5374,13,0,40 41 42 43,0,30,,5377,13,0,40 41 42 43,0,70,,3121,13,0,40 41 42 43,0,30,,5368,13,0,40 41 42 43,0,70,,5367,13,0,40 41 42 43,0,30,,4878,13,0,40 41 42 43,0,70,,5356,13,0,40 41 42 43,0,30,,5362,13,0,40 41 42 43,0,70,,5353,13,0,40 41 42 43,0,30,,5378,13,0,40 41 42 43,0,70,,2924,13,0,40 41 42 43,0,30,,5355,13,0,40 41 42 43,0,70,,5363,13,0,40 41 42 43,0,30,,5369,13,0,40 41 42 43,0,70,,5379,13,0,40 41 42 43,0,30,,4460,13,0,40 41 42 43,0,70,,5354,13,0,40 41 42 43,0,30,,5366,13,0,40 41 42 43,0,70,,5376,13,0,40 41 42 43,0,30,,5365,13,0,40 41 42 43,0
1500,'1',539,,6613,22,0,38 2 39,0,70,,6620,22,0,38 2 39,0,30,,6621,22,0,38 2 39,0,70,,6617,22,0,38 2 39,0,30,,6615,22,0,38 2 39,0,70,,6611,22,0,38 2 39,0,30,,4148,22,0,38 2 39,0,70,,4565,22,0,38 2 39,0,30,,6625,22,0,38 2 39,0,100,,4959,22,0,38 2 39,0,100,,6612,22,0,38 2 39,0,100,,4065,22,0,38 2 39,0,100,,6610,22,0,38 2 39,0,100,,6622,22,0,38 2 39,0,70,,6616,22,0,38 2 39,0,30,,6614,22,0,38 2 39,0,70,,6626,22,0,38 2 39,0,30,,6619,22,0,38 2 39,0,70,,6623,22,0,38 2 39,0,30,,5118,22,0,38 2 39,0,70,,927,22,0,38 2 39,0,30,,6624,22,0,38 2 39,0,100,,6618,22,0,38 2 39,0
1500,'2',539,,6634,22,0,38 2 39,0,70,,6636,22,0,38 2 39,0,30,,6635,22,0,38 2 39,0,70,,6628,22,0,38 2 39,0,30,,6632,22,0,38 2 39,0,70,,6631,22,0,38 2 39,0,30,,6630,22,0,38 2 39,0,70,,5100,22,0,38 2 39,0,30,,6629,22,0,38 2 39,0,100,,5167,22,0,38 2 39,0,100,,6639,22,0,38 2 39,0,100,,6633,22,0,38 2 39,0,100,,6637,22,0,38 2 39,0,100,,4421,22,0,38 2 39,0,70,,1790,22,0,38 2 39,0,30,,6638,22,0,38 2 39,0,70,,3847,22,0,38 2 39,0,30,,3627,22,0,38 2 39,0,70,,1069,22,0,38 2 39,0,30,,2963,22,0,38 2 39,0,70,,6640,22,0,38 2 39,0,30,,4425,22,0,38 2 39,0,100,,6627,22,0,38 2 39,0
1500,'3',839,,4868,22,0,38 2 39,0,100,,6648,22,0,38 2 39,0,100,,6642,22,0,38 2 39,0,100,,6649,22,0,38 2 39,0,100,,6643,22,0,38 2 39,0,100,,6644,22,0,38 2 39,0,100,,6650,22,0,38 2 39,0,100,,6645,22,0,38 2 39,0,100,,6646,22,0,38 2 39,0,100,,6651,22,0,38 2 39,0,100,,6641,22,0,38 2 39,0,100,,6647,22,0,38 2 39,0
1500,'4',539,,6667,22,0,38 2 39,0,70,,6657,22,0,38 2 39,0,30,,4118,22,0,38 2 39,0,70,,6660,22,0,38 2 39,0,30,,6659,22,0,38 2 39,0,70,,6655,22,0,38 2 39,0,30,,4932,22,0,38 2 39,0,70,,6664,22,0,38 2 39,0,30,,6668,22,0,38 2 39,0,100,,2914,22,0,38 2 39,0,100,,6656,22,0,38 2 39,0,100,,6652,22,0,38 2 39,0,100,,6653,22,0,38 2 39,0,100,,2865,22,0,38 2 39,0,70,,6658,22,0,38 2 39,0,30,,6662,22,0,38 2 39,0,70,,6661,22,0,38 2 39,0,30,,6666,22,0,38 2 39,0,70,,6663,22,0,38 2 39,0,30,,6654,22,0,38 2 39,0,70,,6665,22,0,38 2 39,0,30,,3821,22,0,38 2 39,0,100,,4665,22,0,38 2 39,0
1800,'1',523,,1159,6,0,44 45,0,1199,,2492,6,0,44 45,0
1800,'2',523,,6883,6,0,44 45,0,1199,,4894,6,0,44 45,0
1801,'1',522,,6895,7,0,44 45,0,30,,6885,7,0,44 45,0,70,,6886,7,0,44 45,0,30,,6891,7,0,44 45,0,70,,6894,7,0,44 45,0,30,,6892,7,0,44 45,0,70,,6893,7,0,44 45,0,30,,6903,7,0,44 45,0,70,,2665,7,0,44 45,0,30,,6898,7,0,44 45,0,70,,3882,7,0,44 45,0,30,,5176,7,0,44 45,0,70,,6890,7,0,44 45,0,30,,6887,7,0,44 45,0,70,,6899,7,0,44 45,0,30,,6889,7,0,44 45,0,70,,4222,7,0,44 45,0,30,,6901,7,0,44 45,0,70,,6897,7,0,44 45,0,30,,6896,7,0,44 45,0,70,,6884,7,0,44 45,0,30,,6904,7,0,44 45,0,70,,6900,7,0,44 45,0,30,,3285,7,0,44 45,0
1801,'2',522,,6908,7,0,44 45,0,30,,3744,7,0,44 45,0,70,,6919,7,0,44 45,0,30,,6912,7,0,44 45,0,70,,4759,7,0,44 45,0,30,,6909,7,0,44 45,0,70,,3684,7,0,44 45,0,30,,6911,7,0,44 45,0,70,,2519,7,0,44 45,0,30,,6920,7,0,44 45,0,70,,6918,7,0,44 45,0,30,,526,7,0,44 45,0,70,,6907,7,0,44 45,0,30,,6915,7,0,44 45,0,70,,6914,7,0,44 45,0,30,,6917,7,0,44 45,0,70,,4345,7,0,44 45,0,30,,3958,7,0,44 45,0,70,,6910,7,0,44 45,0,30,,6905,7,0,44 45,0,70,,3388,7,0,44 45,0,30,,4282,7,0,44 45,0,70,,6906,7,0,44 45,0,30,,6913,7,0,44 45,0
13400,'1',1528,,6950,7,,,0,5,,6951,7,,,0
14100,'1',1602,,4506,6,,,0
14200,'1',1610,,6964,15,0,50 103 104 53 3 38,0
