400,'1',537,,5180,16,0,21 2 22 23,0,70,,5835,16,0,21 2 22 23,0,30,,5840,16,0,21 2 22 23,0,70,,5849,16,0,21 2 22 23,0,30,,5843,16,0,21 2 22 23,0,70,,3789,16,0,21 2 22 23,0,30,,5845,16,0,21 2 22 23,0,70,,5848,16,0,21 2 22 23,0,30,,5856,16,0,21 2 22 23,0,70,,4693,16,0,21 2 22 23,0,30,,5850,16,0,21 2 22 23,0,70,,5854,16,0,21 2 22 23,0,30,,4695,16,0,21 2 22 23,0,70,,5839,16,0,21 2 22 23,0,30,,5837,16,0,21 2 22 23,0,70,,5846,16,0,21 2 22 23,0,30,,5211,16,0,21 2 22 23,0,70,,5838,16,0,21 2 22 23,0,30,,3137,16,0,21 2 22 23,0,70,,5842,16,0,21 2 22 23,0,30,,5847,16,0,21 2 22 23,0,70,,4514,16,0,21 2 22 23,0,30,,5853,16,0,21 2 22 23,0,70,,5851,16,0,21 2 22 23,0,30,,3875,16,0,21 2 22 23,0,70,,3983,16,0,21 2 22 23,0,30,,923,16,0,21 2 22 23,0,70,,5852,16,0,21 2 22 23,0,30,,5841,16,0,21 2 22 23,0,70,,5844,16,0,21 2 22 23,0,100,,5834,16,0,21 2 22 23,0,100,,5855,16,0,21 2 22 23,0,100,,3500,16,0,21 2 22 23,0
400,'2',537,,5242,16,0,21 2 22 23,0,70,,5859,16,0,21 2 22 23,0,30,,5862,16,0,21 2 22 23,0,70,,3864,16,0,21 2 22 23,0,30,,5869,16,0,21 2 22 23,0,70,,5874,16,0,21 2 22 23,0,30,,5865,16,0,21 2 22 23,0,70,,5880,16,0,21 2 22 23,0,30,,5877,16,0,21 2 22 23,0,70,,5857,16,0,21 2 22 23,0,30,,5863,16,0,21 2 22 23,0,70,,5875,16,0,21 2 22 23,0,30,,5867,16,0,21 2 22 23,0,70,,5248,16,0,21 2 22 23,0,30,,4548,16,0,21 2 22 23,0,70,,5878,16,0,21 2 22 23,0,30,,3562,16,0,21 2 22 23,0,70,,3963,16,0,21 2 22 23,0,30,,5870,16,0,21 2 22 23,0,70,,5872,16,0,21 2 22 23,0,30,,5861,16,0,21 2 22 23,0,70,,5879,16,0,21 2 22 23,0,30,,5864,16,0,21 2 22 23,0,70,,5866,16,0,21 2 22 23,0,30,,5873,16,0,21 2 22 23,0,70,,3964,16,0,21 2 22 23,0,30,,5868,16,0,21 2 22 23,0,70,,5858,16,0,21 2 22 23,0,30,,5881,16,0,21 2 22 23,0,70,,5876,16,0,21 2 22 23,0,100,,5860,16,0,21 2 22 23,0,100,,4684,16,0,21 2 22 23,0,100,,640,16,0,21 2 22 23,0
400,'3',837,,5884,16,0,21 2 22 23,0,100,,5070,16,0,21 2 22 23,0,100,,5891,16,0,21 2 22 23,0,100,,5889,16,0,21 2 22 23,0,100,,3406,16,0,21 2 22 23,0,100,,5887,16,0,21 2 22 23,0,100,,5885,16,0,21 2 22 23,0,100,,5886,16,0,21 2 22 23,0,100,,3808,16,0,21 2 22 23,0,100,,5882,16,0,21 2 22 23,0,100,,5888,16,0,21 2 22 23,0,100,,5883,16,0,21 2 22 23,0
400,'4',537,,5893,16,0,21 2 22 23,0,70,,3919,16,0,21 2 22 23,0,30,,5905,16,0,21 2 22 23,0,70,,5902,16,0,21 2 22 23,0,30,,5900,16,0,21 2 22 23,0,70,,5901,16,0,21 2 22 23,0,30,,3927,16,0,21 2 22 23,0,70,,5892,16,0,21 2 22 23,0,30,,4178,16,0,21 2 22 23,0,70,,5906,16,0,21 2 22 23,0,30,,5903,16,0,21 2 22 23,0,70,,4337,16,0,21 2 22 23,0,30,,4332,16,0,21 2 22 23,0,70,,4668,16,0,21 2 22 23,0,30,,5894,16,0,21 2 22 23,0,70,,5897,16,0,21 2 22 23,0,30,,4252,16,0,21 2 22 23,0,70,,5895,16,0,21 2 22 23,0,30,,299,16,0,21 2 22 23,0,70,,5904,16,0,21 2 22 23,0,30,,5909,16,0,21 2 22 23,0,70,,3582,16,0,21 2 22 23,0,30,,5896,16,0,21 2 22 23,0,70,,2983,16,0,21 2 22 23,0,30,,2635,16,0,21 2 22 23,0,70,,4881,16,0,21 2 22 23,0,30,,5907,16,0,21 2 22 23,0,70,,5899,16,0,21 2 22 23,0,30,,5898,16,0,21 2 22 23,0,70,,3935,16,0,21 2 22 23,0,100,,5092,16,0,21 2 22 23,0,100,,3257,16,0,21 2 22 23,0,100,,5908,16,0,21 2 22 23,0
12201,'1',835,,6939,12,,,0
15000,'1',1552,,6969,4,,,0
15100,'1',1550,,6973,4,0,20,0
15200,'1',1552,,6975,4,0,54 93 105 100 10 11,0
15300,'1',1552,,4962,4,0,92 106 57 3 58,0
15400,'1',1551,,6977,4,,,0
