1000,'1',514,,6007,10,4,,0,29,,2276,37,4,,0,70,,6006,37,4,,0,30,,2410,37,4,,0,70,,6002,37,4,,0,30,,6003,37,4,,0,70,,5996,37,4,,0,30,,4636,37,4,,0,70,,5994,37,4,,0,30,,4559,37,4,,0,70,,2809,37,4,,0,30,,5177,37,4,,0,70,,5999,37,4,,0,30,,4850,37,4,,0,70,,6004,37,4,,0,30,,6005,37,4,,0,70,,5993,37,4,,0,30,,2812,37,4,,0,70,,5998,37,4,,0,30,,5006,37,4,,0,70,,6008,37,4,,0,30,,5064,37,4,,0,70,,4157,37,4,,0,30,,6009,37,4,,0,70,,6001,37,4,,0,30,,5995,37,4,,0,70,,4563,37,4,,0,30,,4061,37,4,,0,70,,6000,37,4,,0,30,,5997,37,4,,0,70,,5992,37,4,,0
1000,'2',514,,6020,10,4,,0,29,,723,37,4,,0,70,,2421,37,4,,0,30,,5259,37,4,,0,70,,6016,37,4,,0,30,,6013,37,4,,0,70,,6030,37,4,,0,30,,6014,37,4,,0,70,,6019,37,4,,0,30,,6015,37,4,,0,70,,6022,37,4,,0,30,,6011,37,4,,0,70,,4280,37,4,,0,30,,866,37,4,,0,70,,4609,37,4,,0,30,,6026,37,4,,0,70,,6027,37,4,,0,30,,5112,37,4,,0,70,,6028,37,4,,0,30,,6010,37,4,,0,70,,6023,37,4,,0,30,,6017,37,4,,0,70,,6029,37,4,,0,30,,6018,37,4,,0,70,,4895,37,4,,0,30,,4555,37,4,,0,70,,6012,37,4,,0,30,,6025,37,4,,0,70,,6024,37,4,,0,30,,4036,37,4,,0,70,,6021,37,4,,0
1000,'3',843,,4381,37,4,,0,100,,6040,37,4,,0,100,,6036,37,4,,0,100,,6032,37,4,,0,100,,6039,37,4,,0,100,,6031,37,4,,0,100,,6033,37,4,,0,100,,6035,37,4,,0,100,,6037,37,4,,0,100,,3521,37,4,,0,100,,6038,37,4,,0,100,,6034,37,4,,0
1000,'4',514,,6050,10,4,,0,29,,2918,37,4,,0,70,,6045,37,4,,0,30,,6052,37,4,,0,70,,6041,37,4,,0,30,,2631,37,4,,0,70,,6060,37,4,,0,30,,6064,37,4,,0,70,,6044,37,4,,0,30,,6058,37,4,,0,70,,6059,37,4,,0,30,,6054,37,4,,0,70,,6066,37,4,,0,30,,6057,37,4,,0,70,,6063,37,4,,0,30,,6043,37,4,,0,70,,6047,37,4,,0,30,,4103,37,4,,0,70,,6056,37,4,,0,30,,6055,37,4,,0,70,,6048,37,4,,0,30,,4262,37,4,,0,70,,6067,37,4,,0,30,,6046,37,4,,0,70,,6053,37,4,,0,30,,6042,37,4,,0,70,,6049,37,4,,0,30,,6062,37,4,,0,70,,6051,37,4,,0,30,,6061,37,4,,0,70,,6065,37,4,,0
1001,'1',515,,6082,1,0,32,0,30,,6083,1,0,32,0,70,,6088,1,0,32,0,30,,6077,1,0,32,0,70,,6085,1,0,32,0,30,,6086,1,0,32,0,70,,6080,1,0,32,0,30,,6074,1,0,32,0,70,,6081,1,0,32,0,30,,6078,1,0,32,0,70,,6072,1,0,32,0,30,,6068,1,0,32,0,70,,6073,1,0,32,0,30,,5123,1,0,32,0,70,,6070,1,0,32,0,30,,6075,1,0,32,0,70,,2649,1,0,32,0,30,,6092,1,0,32,0,70,,6089,1,0,32,0,30,,2325,1,0,32,0,70,,6071,1,0,32,0,30,,6091,1,0,32,0,70,,6076,1,0,32,0,30,,6090,1,0,32,0,70,,3495,1,0,32,0,30,,6087,1,0,32,0,70,,5229,1,0,32,0,30,,6079,1,0,32,0,70,,6084,1,0,32,0,30,,6069,1,0,32,0
1001,'2',515,,6103,1,0,32,0,30,,6111,1,0,32,0,70,,6113,1,0,32,0,30,,6097,1,0,32,0,70,,6112,1,0,32,0,30,,388,1,0,32,0,70,,6101,1,0,32,0,30,,6100,1,0,32,0,70,,6104,1,0,32,0,30,,4276,1,0,32,0,70,,4681,1,0,32,0,30,,6105,1,0,32,0,70,,6109,1,0,32,0,30,,4750,1,0,32,0,70,,5262,1,0,32,0,30,,6094,1,0,32,0,70,,4760,1,0,32,0,30,,6107,1,0,32,0,70,,6099,1,0,32,0,30,,6110,1,0,32,0,70,,2948,1,0,32,0,30,,6106,1,0,32,0,70,,1278,1,0,32,0,30,,6114,1,0,32,0,70,,6096,1,0,32,0,30,,6108,1,0,32,0,70,,6095,1,0,32,0,30,,6098,1,0,32,0,70,,6093,1,0,32,0,30,,6102,1,0,32,0
1001,'3',845,,6123,1,0,32,0,100,,6126,1,0,32,0,100,,6125,1,0,32,0,100,,6121,1,0,32,0,100,,6118,1,0,32,0,100,,6124,1,0,32,0,100,,6120,1,0,32,0,100,,6119,1,0,32,0,100,,6115,1,0,32,0,100,,6116,1,0,32,0,100,,6117,1,0,32,0,100,,6122,1,0,32,0
1001,'4',515,,4660,1,0,32,0,30,,6133,1,0,32,0,70,,6142,1,0,32,0,30,,6146,1,0,32,0,70,,6143,1,0,32,0,30,,6129,1,0,32,0,70,,6148,1,0,32,0,30,,6144,1,0,32,0,70,,159,1,0,32,0,30,,4736,1,0,32,0,70,,1996,1,0,32,0,30,,6137,1,0,32,0,70,,6139,1,0,32,0,30,,6138,1,0,32,0,70,,6140,1,0,32,0,30,,6127,1,0,32,0,70,,6141,1,0,32,0,30,,566,1,0,32,0,70,,6136,1,0,32,0,30,,6134,1,0,32,0,70,,6145,1,0,32,0,30,,6128,1,0,32,0,70,,4991,1,0,32,0,30,,6149,1,0,32,0,70,,6147,1,0,32,0,30,,6135,1,0,32,0,70,,6130,1,0,32,0,30,,6131,1,0,32,0,70,,4980,1,0,32,0,30,,6132,1,0,32,0
11100,'1',1506,,6931,20,,,0
11101,'1',741,,4966,10,,,0
13500,'1',1545,,6953,21,4,,0
13501,'1',741,,6954,10,,,0
14000,'1',1550,,5008,1,0,24,0
14001,'1',833,,6961,12,4,,0
14100,'1',1550,,4506,1,,,0
14101,'1',835,,6963,19,4,,0
14200,'1',1550,,6964,1,0,50 103 104 53 3 38,0
14201,'1',835,,6965,30,4,,0
14300,'1',1550,,2487,1,0,96 97 10 11 31 3 25 26,0
14301,'1',835,,6966,23,4,,0
14400,'1',1550,,6967,1,0,98 25 107 99 32,0
14401,'1',835,,6968,19,4,,0
