101,'1',533,,480,4,0,40 41 42 43,0,70,,4064,4,0,40 41 42 43,0,30,,4372,4,0,40 41 42 43,0,70,,3886,4,0,40 41 42 43,0,30,,5396,4,0,40 41 42 43,0,70,,1462,4,0,40 41 42 43,0,30,,5399,4,0,40 41 42 43,0,70,,5390,4,0,40 41 42 43,0,30,,5398,4,0,40 41 42 43,0,70,,5394,4,0,40 41 42 43,0,30,,5397,4,0,40 41 42 43,0,70,,5402,4,0,40 41 42 43,0,30,,5403,4,0,40 41 42 43,0,70,,5407,4,0,40 41 42 43,0,30,,5391,4,0,40 41 42 43,0,70,,5389,4,0,40 41 42 43,0,30,,5387,4,0,40 41 42 43,0,70,,5014,4,0,40 41 42 43,0,30,,5401,4,0,40 41 42 43,0,70,,5384,4,0,40 41 42 43,0,30,,5393,4,0,40 41 42 43,0,70,,5406,4,0,40 41 42 43,0,30,,2882,4,0,40 41 42 43,0,70,,5381,4,0,40 41 42 43,0,30,,71,4,0,40 41 42 43,0,70,,5382,4,0,40 41 42 43,0,30,,5388,4,0,40 41 42 43,0,70,,4859,4,0,40 41 42 43,0,30,,5386,4,0,40 41 42 43,0,70,,5395,4,0,40 41 42 43,0,30,,4235,4,0,40 41 42 43,0,70,,1602,4,0,40 41 42 43,0,30,,5392,4,0,40 41 42 43,0,70,,5383,4,0,40 41 42 43,0,30,,5400,4,0,40 41 42 43,0,70,,5404,4,0,40 41 42 43,0,30,,5405,4,0,40 41 42 43,0
101,'2',533,,5410,4,0,40 41 42 43,0,70,,5413,4,0,40 41 42 43,0,30,,5426,4,0,40 41 42 43,0,70,,4211,4,0,40 41 42 43,0,30,,5417,4,0,40 41 42 43,0,70,,5408,4,0,40 41 42 43,0,30,,5425,4,0,40 41 42 43,0,70,,5409,4,0,40 41 42 43,0,30,,5420,4,0,40 41 42 43,0,70,,5267,4,0,40 41 42 43,0,30,,5429,4,0,40 41 42 43,0,70,,5411,4,0,40 41 42 43,0,30,,5432,4,0,40 41 42 43,0,70,,3088,4,0,40 41 42 43,0,30,,5416,4,0,40 41 42 43,0,70,,5423,4,0,40 41 42 43,0,30,,5421,4,0,40 41 42 43,0,70,,5430,4,0,40 41 42 43,0,30,,3947,4,0,40 41 42 43,0,70,,5434,4,0,40 41 42 43,0,30,,3753,4,0,40 41 42 43,0,70,,5424,4,0,40 41 42 43,0,30,,5419,4,0,40 41 42 43,0,70,,5422,4,0,40 41 42 43,0,30,,2754,4,0,40 41 42 43,0,70,,3855,4,0,40 41 42 43,0,30,,5414,4,0,40 41 42 43,0,70,,5415,4,0,40 41 42 43,0,30,,5418,4,0,40 41 42 43,0,70,,5428,4,0,40 41 42 43,0,30,,5412,4,0,40 41 42 43,0,70,,5433,4,0,40 41 42 43,0,30,,4896,4,0,40 41 42 43,0,70,,4605,4,0,40 41 42 43,0,30,,3677,4,0,40 41 42 43,0,70,,3396,4,0,40 41 42 43,0,30,,5431,4,0,40 41 42 43,0
101,'3',833,,5451,4,0,40 41 42 43,0,70,,5446,4,0,40 41 42 43,0,30,,5452,4,0,40 41 42 43,0,70,,5453,4,0,40 41 42 43,0,30,,5437,4,0,40 41 42 43,0,70,,4867,4,0,40 41 42 43,0,30,,5438,4,0,40 41 42 43,0,70,,5441,4,0,40 41 42 43,0,30,,5436,4,0,40 41 42 43,0,70,,4706,4,0,40 41 42 43,0,30,,5445,4,0,40 41 42 43,0,70,,5435,4,0,40 41 42 43,0,30,,5450,4,0,40 41 42 43,0,70,,4452,4,0,40 41 42 43,0,30,,5442,4,0,40 41 42 43,0,70,,5443,4,0,40 41 42 43,0,30,,5448,4,0,40 41 42 43,0,70,,4806,4,0,40 41 42 43,0,30,,5440,4,0,40 41 42 43,0,70,,5447,4,0,40 41 42 43,0,30,,5449,4,0,40 41 42 43,0,70,,5439,4,0,40 41 42 43,0,30,,5444,4,0,40 41 42 43,0
101,'4',533,,5469,4,0,40 41 42 43,0,70,,4813,4,0,40 41 42 43,0,30,,1827,4,0,40 41 42 43,0,70,,5462,4,0,40 41 42 43,0,30,,5480,4,0,40 41 42 43,0,70,,5478,4,0,40 41 42 43,0,30,,5461,4,0,40 41 42 43,0,70,,5456,4,0,40 41 42 43,0,30,,5476,4,0,40 41 42 43,0,70,,5483,4,0,40 41 42 43,0,30,,5471,4,0,40 41 42 43,0,70,,5479,4,0,40 41 42 43,0,30,,3652,4,0,40 41 42 43,0,70,,5477,4,0,40 41 42 43,0,30,,5463,4,0,40 41 42 43,0,70,,3830,4,0,40 41 42 43,0,30,,5472,4,0,40 41 42 43,0,70,,4931,4,0,40 41 42 43,0,30,,170,4,0,40 41 42 43,0,70,,5468,4,0,40 41 42 43,0,30,,5470,4,0,40 41 42 43,0,70,,5481,4,0,40 41 42 43,0,30,,5458,4,0,40 41 42 43,0,70,,5460,4,0,40 41 42 43,0,30,,5482,4,0,40 41 42 43,0,70,,5464,4,0,40 41 42 43,0,30,,5474,4,0,40 41 42 43,0,70,,5457,4,0,40 41 42 43,0,30,,5475,4,0,40 41 42 43,0,70,,5466,4,0,40 41 42 43,0,30,,5459,4,0,40 41 42 43,0,70,,5467,4,0,40 41 42 43,0,30,,5484,4,0,40 41 42 43,0,70,,4469,4,0,40 41 42 43,0,30,,5473,4,0,40 41 42 43,0,70,,5465,4,0,40 41 42 43,0,30,,5455,4,0,40 41 42 43,0
1501,'1',548,,6678,11,0,38 2 39,0,70,,6680,11,0,38 2 39,0,30,,4375,11,0,38 2 39,0,70,,2327,11,0,38 2 39,0,30,,3728,11,0,38 2 39,0,70,,6681,11,0,38 2 39,0,30,,6669,11,0,38 2 39,0,70,,6670,11,0,38 2 39,0,30,,6675,11,0,38 2 39,0,100,,4564,11,0,38 2 39,0,100,,6683,11,0,38 2 39,0,100,,6677,11,0,38 2 39,0,100,,6672,11,0,38 2 39,0,100,,6671,11,0,38 2 39,0,70,,6682,11,0,38 2 39,0,30,,6676,11,0,38 2 39,0,70,,6673,11,0,38 2 39,0,30,,6679,11,0,38 2 39,0,70,,1574,11,0,38 2 39,0,30,,3977,11,0,38 2 39,0,70,,6674,11,0,38 2 39,0,30,,6684,11,0,38 2 39,0,100,,2654,11,0,38 2 39,0
1501,'2',548,,3154,11,0,38 2 39,0,70,,6692,11,0,38 2 39,0,30,,6691,11,0,38 2 39,0,70,,6702,11,0,38 2 39,0,30,,6689,11,0,38 2 39,0,70,,6700,11,0,38 2 39,0,30,,4836,11,0,38 2 39,0,70,,6698,11,0,38 2 39,0,30,,6693,11,0,38 2 39,0,100,,6686,11,0,38 2 39,0,100,,6690,11,0,38 2 39,0,100,,6697,11,0,38 2 39,0,100,,6695,11,0,38 2 39,0,100,,6696,11,0,38 2 39,0,70,,6701,11,0,38 2 39,0,30,,975,11,0,38 2 39,0,70,,6687,11,0,38 2 39,0,30,,6699,11,0,38 2 39,0,70,,6685,11,0,38 2 39,0,30,,5265,11,0,38 2 39,0,70,,3945,11,0,38 2 39,0,30,,6694,11,0,38 2 39,0,100,,6688,11,0,38 2 39,0
1501,'3',848,,4000,11,0,38 2 39,0,100,,6706,11,0,38 2 39,0,100,,6712,11,0,38 2 39,0,100,,6708,11,0,38 2 39,0,100,,6713,11,0,38 2 39,0,100,,6710,11,0,38 2 39,0,100,,6711,11,0,38 2 39,0,100,,6705,11,0,38 2 39,0,100,,6704,11,0,38 2 39,0,100,,6709,11,0,38 2 39,0,100,,6707,11,0,38 2 39,0,100,,6703,11,0,38 2 39,0
1501,'4',548,,6722,11,0,38 2 39,0,70,,6715,11,0,38 2 39,0,30,,432,11,0,38 2 39,0,70,,6721,11,0,38 2 39,0,30,,6728,11,0,38 2 39,0,70,,6723,11,0,38 2 39,0,30,,6725,11,0,38 2 39,0,70,,4472,11,0,38 2 39,0,30,,6714,11,0,38 2 39,0,100,,6717,11,0,38 2 39,0,100,,6724,11,0,38 2 39,0,100,,5037,11,0,38 2 39,0,100,,4023,11,0,38 2 39,0,100,,6719,11,0,38 2 39,0,70,,1658,11,0,38 2 39,0,30,,6727,11,0,38 2 39,0,70,,6726,11,0,38 2 39,0,30,,333,11,0,38 2 39,0,70,,6716,11,0,38 2 39,0,30,,6729,11,0,38 2 39,0,70,,6718,11,0,38 2 39,0,30,,6720,11,0,38 2 39,0,100,,1222,11,0,38 2 39,0
11201,'1',745,,214,14,,,0
14101,'1',825,,6963,16,,,0
