101,'1',515,,5385,2,0,40 41 42 43,0,30,,480,10,0,40 41 42 43,0,70,,4064,10,0,40 41 42 43,0,30,,4372,10,0,40 41 42 43,0,70,,3886,10,0,40 41 42 43,0,30,,5396,10,0,40 41 42 43,0,70,,1462,10,0,40 41 42 43,0,30,,5399,10,0,40 41 42 43,0,70,,5390,10,0,40 41 42 43,0,30,,5398,10,0,40 41 42 43,0,70,,5394,10,0,40 41 42 43,0,30,,5397,10,0,40 41 42 43,0,70,,5402,10,0,40 41 42 43,0,30,,5403,10,0,40 41 42 43,0,70,,5407,10,0,40 41 42 43,0,30,,5391,10,0,40 41 42 43,0,70,,5389,10,0,40 41 42 43,0,30,,5387,10,0,40 41 42 43,0,70,,5014,10,0,40 41 42 43,0,30,,5401,10,0,40 41 42 43,0,70,,5384,10,0,40 41 42 43,0,30,,5393,10,0,40 41 42 43,0,70,,5406,10,0,40 41 42 43,0,30,,2882,10,0,40 41 42 43,0,70,,5381,10,0,40 41 42 43,0,30,,71,10,0,40 41 42 43,0,70,,5382,10,0,40 41 42 43,0,30,,5388,10,0,40 41 42 43,0,70,,4859,10,0,40 41 42 43,0,30,,5386,10,0,40 41 42 43,0,70,,5395,10,0,40 41 42 43,0,30,,4235,10,0,40 41 42 43,0,70,,1602,10,0,40 41 42 43,0,30,,5392,10,0,40 41 42 43,0,70,,5383,10,0,40 41 42 43,0,30,,5400,10,0,40 41 42 43,0,70,,5404,10,0,40 41 42 43,0
101,'2',515,,5427,2,0,40 41 42 43,0,30,,5410,10,0,40 41 42 43,0,70,,5413,10,0,40 41 42 43,0,30,,5426,10,0,40 41 42 43,0,70,,4211,10,0,40 41 42 43,0,30,,5417,10,0,40 41 42 43,0,70,,5408,10,0,40 41 42 43,0,30,,5425,10,0,40 41 42 43,0,70,,5409,10,0,40 41 42 43,0,30,,5420,10,0,40 41 42 43,0,70,,5267,10,0,40 41 42 43,0,30,,5429,10,0,40 41 42 43,0,70,,5411,10,0,40 41 42 43,0,30,,5432,10,0,40 41 42 43,0,70,,3088,10,0,40 41 42 43,0,30,,5416,10,0,40 41 42 43,0,70,,5423,10,0,40 41 42 43,0,30,,5421,10,0,40 41 42 43,0,70,,5430,10,0,40 41 42 43,0,30,,3947,10,0,40 41 42 43,0,70,,5434,10,0,40 41 42 43,0,30,,3753,10,0,40 41 42 43,0,70,,5424,10,0,40 41 42 43,0,30,,5419,10,0,40 41 42 43,0,70,,5422,10,0,40 41 42 43,0,30,,2754,10,0,40 41 42 43,0,70,,3855,10,0,40 41 42 43,0,30,,5414,10,0,40 41 42 43,0,70,,5415,10,0,40 41 42 43,0,30,,5418,10,0,40 41 42 43,0,70,,5428,10,0,40 41 42 43,0,30,,5412,10,0,40 41 42 43,0,70,,5433,10,0,40 41 42 43,0,30,,4896,10,0,40 41 42 43,0,70,,4605,10,0,40 41 42 43,0,30,,3677,10,0,40 41 42 43,0,70,,3396,10,0,40 41 42 43,0
101,'3',815,,4871,2,0,40 41 42 43,0,30,,5451,10,0,40 41 42 43,0,70,,5446,10,0,40 41 42 43,0,30,,5452,10,0,40 41 42 43,0,70,,5453,10,0,40 41 42 43,0,30,,5437,10,0,40 41 42 43,0,70,,4867,10,0,40 41 42 43,0,30,,5438,10,0,40 41 42 43,0,70,,5441,10,0,40 41 42 43,0,30,,5436,10,0,40 41 42 43,0,70,,4706,10,0,40 41 42 43,0,30,,5445,10,0,40 41 42 43,0,70,,5435,10,0,40 41 42 43,0,30,,5450,10,0,40 41 42 43,0,70,,4452,10,0,40 41 42 43,0,30,,5442,10,0,40 41 42 43,0,70,,5443,10,0,40 41 42 43,0,30,,5448,10,0,40 41 42 43,0,70,,4806,10,0,40 41 42 43,0,30,,5440,10,0,40 41 42 43,0,70,,5447,10,0,40 41 42 43,0,30,,5449,10,0,40 41 42 43,0,70,,5439,10,0,40 41 42 43,0,30,,5444,10,0,40 41 42 43,0
101,'4',515,,5454,2,0,40 41 42 43,0,30,,5469,10,0,40 41 42 43,0,70,,4813,10,0,40 41 42 43,0,30,,1827,10,0,40 41 42 43,0,70,,5462,10,0,40 41 42 43,0,30,,5480,10,0,40 41 42 43,0,70,,5478,10,0,40 41 42 43,0,30,,5461,10,0,40 41 42 43,0,70,,5456,10,0,40 41 42 43,0,30,,5476,10,0,40 41 42 43,0,70,,5483,10,0,40 41 42 43,0,30,,5471,10,0,40 41 42 43,0,70,,5479,10,0,40 41 42 43,0,30,,3652,10,0,40 41 42 43,0,70,,5477,10,0,40 41 42 43,0,30,,5463,10,0,40 41 42 43,0,70,,3830,10,0,40 41 42 43,0,30,,5472,10,0,40 41 42 43,0,70,,4931,10,0,40 41 42 43,0,30,,170,10,0,40 41 42 43,0,70,,5468,10,0,40 41 42 43,0,30,,5470,10,0,40 41 42 43,0,70,,5481,10,0,40 41 42 43,0,30,,5458,10,0,40 41 42 43,0,70,,5460,10,0,40 41 42 43,0,30,,5482,10,0,40 41 42 43,0,70,,5464,10,0,40 41 42 43,0,30,,5474,10,0,40 41 42 43,0,70,,5457,10,0,40 41 42 43,0,30,,5475,10,0,40 41 42 43,0,70,,5466,10,0,40 41 42 43,0,30,,5459,10,0,40 41 42 43,0,70,,5467,10,0,40 41 42 43,0,30,,5484,10,0,40 41 42 43,0,70,,4469,10,0,40 41 42 43,0,30,,5473,10,0,40 41 42 43,0,70,,5465,10,0,40 41 42 43,0
400,'1',600,,5180,38,0,21 2 22 23,0,30,,5835,38,0,21 2 22 23,0,70,,5840,38,0,21 2 22 23,0,30,,5849,38,0,21 2 22 23,0,70,,5843,38,0,21 2 22 23,0,30,,3789,38,0,21 2 22 23,0,70,,5845,38,0,21 2 22 23,0,30,,5848,38,0,21 2 22 23,0,70,,5856,38,0,21 2 22 23,0,30,,4693,38,0,21 2 22 23,0,70,,5850,38,0,21 2 22 23,0,30,,5854,38,0,21 2 22 23,0,70,,4695,38,0,21 2 22 23,0,30,,5839,38,0,21 2 22 23,0,70,,5837,38,0,21 2 22 23,0,30,,5846,38,0,21 2 22 23,0,70,,5211,38,0,21 2 22 23,0,30,,5838,38,0,21 2 22 23,0,70,,3137,38,0,21 2 22 23,0,30,,5842,38,0,21 2 22 23,0,70,,5847,38,0,21 2 22 23,0,30,,4514,38,0,21 2 22 23,0,70,,5853,38,0,21 2 22 23,0,30,,5851,38,0,21 2 22 23,0,70,,3875,38,0,21 2 22 23,0,30,,3983,38,0,21 2 22 23,0,70,,923,38,0,21 2 22 23,0,30,,5852,38,0,21 2 22 23,0,70,,5841,38,0,21 2 22 23,0,30,,5844,38,0,21 2 22 23,0,100,,5834,38,0,21 2 22 23,0,100,,5855,38,0,21 2 22 23,0,100,,3500,38,0,21 2 22 23,0
400,'2',600,,5242,38,0,21 2 22 23,0,30,,5859,38,0,21 2 22 23,0,70,,5862,38,0,21 2 22 23,0,30,,3864,38,0,21 2 22 23,0,70,,5869,38,0,21 2 22 23,0,30,,5874,38,0,21 2 22 23,0,70,,5865,38,0,21 2 22 23,0,30,,5880,38,0,21 2 22 23,0,70,,5877,38,0,21 2 22 23,0,30,,5857,38,0,21 2 22 23,0,70,,5863,38,0,21 2 22 23,0,30,,5875,38,0,21 2 22 23,0,70,,5867,38,0,21 2 22 23,0,30,,5248,38,0,21 2 22 23,0,70,,4548,38,0,21 2 22 23,0,30,,5878,38,0,21 2 22 23,0,70,,3562,38,0,21 2 22 23,0,30,,3963,38,0,21 2 22 23,0,70,,5870,38,0,21 2 22 23,0,30,,5872,38,0,21 2 22 23,0,70,,5861,38,0,21 2 22 23,0,30,,5879,38,0,21 2 22 23,0,70,,5864,38,0,21 2 22 23,0,30,,5866,38,0,21 2 22 23,0,70,,5873,38,0,21 2 22 23,0,30,,3964,38,0,21 2 22 23,0,70,,5868,38,0,21 2 22 23,0,30,,5858,38,0,21 2 22 23,0,70,,5881,38,0,21 2 22 23,0,30,,5876,38,0,21 2 22 23,0,100,,5860,38,0,21 2 22 23,0,100,,4684,38,0,21 2 22 23,0,100,,640,38,0,21 2 22 23,0
400,'3',900,,5884,38,0,21 2 22 23,0,100,,5070,38,0,21 2 22 23,0,100,,5891,38,0,21 2 22 23,0,100,,5889,38,0,21 2 22 23,0,100,,3406,38,0,21 2 22 23,0,100,,5887,38,0,21 2 22 23,0,100,,5885,38,0,21 2 22 23,0,100,,5886,38,0,21 2 22 23,0,100,,3808,38,0,21 2 22 23,0,100,,5882,38,0,21 2 22 23,0,100,,5888,38,0,21 2 22 23,0,100,,5883,38,0,21 2 22 23,0
400,'4',600,,5893,38,0,21 2 22 23,0,30,,3919,38,0,21 2 22 23,0,70,,5905,38,0,21 2 22 23,0,30,,5902,38,0,21 2 22 23,0,70,,5900,38,0,21 2 22 23,0,30,,5901,38,0,21 2 22 23,0,70,,3927,38,0,21 2 22 23,0,30,,5892,38,0,21 2 22 23,0,70,,4178,38,0,21 2 22 23,0,30,,5906,38,0,21 2 22 23,0,70,,5903,38,0,21 2 22 23,0,30,,4337,38,0,21 2 22 23,0,70,,4332,38,0,21 2 22 23,0,30,,4668,38,0,21 2 22 23,0,70,,5894,38,0,21 2 22 23,0,30,,5897,38,0,21 2 22 23,0,70,,4252,38,0,21 2 22 23,0,30,,5895,38,0,21 2 22 23,0,70,,299,38,0,21 2 22 23,0,30,,5904,38,0,21 2 22 23,0,70,,5909,38,0,21 2 22 23,0,30,,3582,38,0,21 2 22 23,0,70,,5896,38,0,21 2 22 23,0,30,,2983,38,0,21 2 22 23,0,70,,2635,38,0,21 2 22 23,0,30,,4881,38,0,21 2 22 23,0,70,,5907,38,0,21 2 22 23,0,30,,5899,38,0,21 2 22 23,0,70,,5898,38,0,21 2 22 23,0,30,,3935,38,0,21 2 22 23,0,100,,5092,38,0,21 2 22 23,0,100,,3257,38,0,21 2 22 23,0,100,,5908,38,0,21 2 22 23,0
1301,'1',516,,6546,2,0,63 11 2 64 2 20,0,30,,5183,2,0,63 11 2 64 2 20,0,70,,6548,2,0,63 11 2 64 2 20,0,30,,6558,2,0,63 11 2 64 2 20,0,70,,6547,2,0,63 11 2 64 2 20,0,30,,6557,2,0,63 11 2 64 2 20,0,70,,6545,2,0,63 11 2 64 2 20,0,30,,4854,2,0,63 11 2 64 2 20,0,70,,6556,2,0,63 11 2 64 2 20,0,30,,2324,2,0,63 11 2 64 2 20,0,100,,6554,2,0,63 11 2 64 2 20,0,100,,6552,2,0,63 11 2 64 2 20,0,100,,6560,2,0,63 11 2 64 2 20,0,100,,6551,2,0,63 11 2 64 2 20,0,100,,6549,2,0,63 11 2 64 2 20,0,70,,4299,2,0,63 11 2 64 2 20,0,30,,6550,2,0,63 11 2 64 2 20,0,70,,6555,2,0,63 11 2 64 2 20,0,30,,1035,2,0,63 11 2 64 2 20,0,70,,6562,2,0,63 11 2 64 2 20,0,30,,6561,2,0,63 11 2 64 2 20,0,70,,6553,2,0,63 11 2 64 2 20,0,30,,6559,2,0,63 11 2 64 2 20,0,70,,5192,2,0,63 11 2 64 2 20,0,30,,5216,2,0,63 11 2 64 2 20,0
1301,'2',516,,6575,2,0,63 11 2 64 2 20,0,30,,6576,2,0,63 11 2 64 2 20,0,70,,6571,2,0,63 11 2 64 2 20,0,30,,6572,2,0,63 11 2 64 2 20,0,70,,6579,2,0,63 11 2 64 2 20,0,30,,6569,2,0,63 11 2 64 2 20,0,70,,4758,2,0,63 11 2 64 2 20,0,30,,6566,2,0,63 11 2 64 2 20,0,70,,4285,2,0,63 11 2 64 2 20,0,30,,6581,2,0,63 11 2 64 2 20,0,100,,6567,2,0,63 11 2 64 2 20,0,100,,6565,2,0,63 11 2 64 2 20,0,100,,4477,2,0,63 11 2 64 2 20,0,100,,6573,2,0,63 11 2 64 2 20,0,100,,6570,2,0,63 11 2 64 2 20,0,70,,6563,2,0,63 11 2 64 2 20,0,30,,6568,2,0,63 11 2 64 2 20,0,70,,3956,2,0,63 11 2 64 2 20,0,30,,6578,2,0,63 11 2 64 2 20,0,70,,6577,2,0,63 11 2 64 2 20,0,30,,4288,2,0,63 11 2 64 2 20,0,70,,3221,2,0,63 11 2 64 2 20,0,30,,6580,2,0,63 11 2 64 2 20,0,70,,6574,2,0,63 11 2 64 2 20,0,30,,6564,2,0,63 11 2 64 2 20,0
1301,'3',816,,6588,2,0,63 11 2 64 2 20,0,100,,6586,2,0,63 11 2 64 2 20,0,100,,6590,2,0,63 11 2 64 2 20,0,100,,6585,2,0,63 11 2 64 2 20,0,100,,6584,2,0,63 11 2 64 2 20,0,100,,4711,2,0,63 11 2 64 2 20,0,100,,4972,2,0,63 11 2 64 2 20,0,100,,6589,2,0,63 11 2 64 2 20,0,100,,6587,2,0,63 11 2 64 2 20,0,100,,6583,2,0,63 11 2 64 2 20,0,100,,3996,2,0,63 11 2 64 2 20,0,100,,6582,2,0,63 11 2 64 2 20,0
1301,'4',516,,4324,2,0,63 11 2 64 2 20,0,30,,6591,2,0,63 11 2 64 2 20,0,70,,6596,2,0,63 11 2 64 2 20,0,30,,6607,2,0,63 11 2 64 2 20,0,70,,6598,2,0,63 11 2 64 2 20,0,30,,6608,2,0,63 11 2 64 2 20,0,70,,6604,2,0,63 11 2 64 2 20,0,30,,6601,2,0,63 11 2 64 2 20,0,70,,6603,2,0,63 11 2 64 2 20,0,30,,6599,2,0,63 11 2 64 2 20,0,100,,5094,2,0,63 11 2 64 2 20,0,100,,6594,2,0,63 11 2 64 2 20,0,100,,6592,2,0,63 11 2 64 2 20,0,100,,3839,2,0,63 11 2 64 2 20,0,100,,6602,2,0,63 11 2 64 2 20,0,70,,6609,2,0,63 11 2 64 2 20,0,30,,1316,2,0,63 11 2 64 2 20,0,70,,6600,2,0,63 11 2 64 2 20,0,30,,6593,2,0,63 11 2 64 2 20,0,70,,6606,2,0,63 11 2 64 2 20,0,30,,1126,2,0,63 11 2 64 2 20,0,70,,6597,2,0,63 11 2 64 2 20,0,30,,6605,2,0,63 11 2 64 2 20,0,70,,4814,2,0,63 11 2 64 2 20,0,30,,6595,2,0,63 11 2 64 2 20,0
1500,'1',516,,6613,2,0,38 2 39,0,30,,6620,2,0,38 2 39,0,70,,6621,2,0,38 2 39,0,30,,6617,2,0,38 2 39,0,70,,6615,2,0,38 2 39,0,30,,6611,2,0,38 2 39,0,70,,4148,2,0,38 2 39,0,30,,4565,2,0,38 2 39,0,70,,6625,2,0,38 2 39,0,100,,4959,2,0,38 2 39,0,100,,6612,2,0,38 2 39,0,100,,4065,2,0,38 2 39,0,100,,6610,2,0,38 2 39,0,100,,6622,2,0,38 2 39,0,30,,6616,2,0,38 2 39,0,70,,6614,2,0,38 2 39,0,30,,6626,2,0,38 2 39,0,70,,6619,2,0,38 2 39,0,30,,6623,2,0,38 2 39,0,70,,5118,2,0,38 2 39,0,30,,927,2,0,38 2 39,0,70,,6624,2,0,38 2 39,0,100,,6618,2,0,38 2 39,0
1500,'2',516,,6634,2,0,38 2 39,0,30,,6636,2,0,38 2 39,0,70,,6635,2,0,38 2 39,0,30,,6628,2,0,38 2 39,0,70,,6632,2,0,38 2 39,0,30,,6631,2,0,38 2 39,0,70,,6630,2,0,38 2 39,0,30,,5100,2,0,38 2 39,0,70,,6629,2,0,38 2 39,0,100,,5167,2,0,38 2 39,0,100,,6639,2,0,38 2 39,0,100,,6633,2,0,38 2 39,0,100,,6637,2,0,38 2 39,0,100,,4421,2,0,38 2 39,0,30,,1790,2,0,38 2 39,0,70,,6638,2,0,38 2 39,0,30,,3847,2,0,38 2 39,0,70,,3627,2,0,38 2 39,0,30,,1069,2,0,38 2 39,0,70,,2963,2,0,38 2 39,0,30,,6640,2,0,38 2 39,0,70,,4425,2,0,38 2 39,0,100,,6627,2,0,38 2 39,0
1500,'3',816,,4868,2,0,38 2 39,0,100,,6648,2,0,38 2 39,0,100,,6642,2,0,38 2 39,0,100,,6649,2,0,38 2 39,0,100,,6643,2,0,38 2 39,0,100,,6644,2,0,38 2 39,0,100,,6650,2,0,38 2 39,0,100,,6645,2,0,38 2 39,0,100,,6646,2,0,38 2 39,0,100,,6651,2,0,38 2 39,0,100,,6641,2,0,38 2 39,0,100,,6647,2,0,38 2 39,0
1500,'4',516,,6667,2,0,38 2 39,0,30,,6657,2,0,38 2 39,0,70,,4118,2,0,38 2 39,0,30,,6660,2,0,38 2 39,0,70,,6659,2,0,38 2 39,0,30,,6655,2,0,38 2 39,0,70,,4932,2,0,38 2 39,0,30,,6664,2,0,38 2 39,0,70,,6668,2,0,38 2 39,0,100,,2914,2,0,38 2 39,0,100,,6656,2,0,38 2 39,0,100,,6652,2,0,38 2 39,0,100,,6653,2,0,38 2 39,0,100,,2865,2,0,38 2 39,0,30,,6658,2,0,38 2 39,0,70,,6662,2,0,38 2 39,0,30,,6661,2,0,38 2 39,0,70,,6666,2,0,38 2 39,0,30,,6663,2,0,38 2 39,0,70,,6654,2,0,38 2 39,0,30,,6665,2,0,38 2 39,0,70,,3821,2,0,38 2 39,0,100,,4665,2,0,38 2 39,0
