1000,'1',523,,2276,8,0,32,0,30,,6006,8,0,32,0,70,,2410,8,0,32,0,30,,6002,8,0,32,0,70,,6003,8,0,32,0,30,,5996,8,0,32,0,70,,4636,8,0,32,0,30,,5994,8,0,32,0,70,,4559,8,0,32,0,30,,2809,8,0,32,0,70,,5177,8,0,32,0,30,,5999,8,0,32,0,70,,4850,8,0,32,0,30,,6004,8,0,32,0,70,,6005,8,0,32,0,30,,5993,8,0,32,0,70,,2812,8,0,32,0,30,,5998,8,0,32,0,70,,5006,8,0,32,0,30,,6008,8,0,32,0,70,,5064,8,0,32,0,30,,4157,8,0,32,0,70,,6009,8,0,32,0,30,,6001,8,0,32,0,70,,5995,8,0,32,0,30,,4563,8,0,32,0,70,,4061,8,0,32,0,30,,6000,8,0,32,0,70,,5997,8,0,32,0,30,,5992,8,0,32,0
1000,'2',523,,723,8,0,32,0,30,,2421,8,0,32,0,70,,5259,8,0,32,0,30,,6016,8,0,32,0,70,,6013,8,0,32,0,30,,6030,8,0,32,0,70,,6014,8,0,32,0,30,,6019,8,0,32,0,70,,6015,8,0,32,0,30,,6022,8,0,32,0,70,,6011,8,0,32,0,30,,4280,8,0,32,0,70,,866,8,0,32,0,30,,4609,8,0,32,0,70,,6026,8,0,32,0,30,,6027,8,0,32,0,70,,5112,8,0,32,0,30,,6028,8,0,32,0,70,,6010,8,0,32,0,30,,6023,8,0,32,0,70,,6017,8,0,32,0,30,,6029,8,0,32,0,70,,6018,8,0,32,0,30,,4895,8,0,32,0,70,,4555,8,0,32,0,30,,6012,8,0,32,0,70,,6025,8,0,32,0,30,,6024,8,0,32,0,70,,4036,8,0,32,0,30,,6021,8,0,32,0
1000,'3',823,,4381,8,0,32,0,100,,6040,8,0,32,0,100,,6036,8,0,32,0,100,,6032,8,0,32,0,100,,6039,8,0,32,0,100,,6031,8,0,32,0,100,,6033,8,0,32,0,100,,6035,8,0,32,0,100,,6037,8,0,32,0,100,,3521,8,0,32,0,100,,6038,8,0,32,0,100,,6034,8,0,32,0
1000,'4',523,,2918,8,0,32,0,30,,6045,8,0,32,0,70,,6052,8,0,32,0,30,,6041,8,0,32,0,70,,2631,8,0,32,0,30,,6060,8,0,32,0,70,,6064,8,0,32,0,30,,6044,8,0,32,0,70,,6058,8,0,32,0,30,,6059,8,0,32,0,70,,6054,8,0,32,0,30,,6066,8,0,32,0,70,,6057,8,0,32,0,30,,6063,8,0,32,0,70,,6043,8,0,32,0,30,,6047,8,0,32,0,70,,4103,8,0,32,0,30,,6056,8,0,32,0,70,,6055,8,0,32,0,30,,6048,8,0,32,0,70,,4262,8,0,32,0,30,,6067,8,0,32,0,70,,6046,8,0,32,0,30,,6053,8,0,32,0,70,,6042,8,0,32,0,30,,6049,8,0,32,0,70,,6062,8,0,32,0,30,,6051,8,0,32,0,70,,6061,8,0,32,0,30,,6065,8,0,32,0
11100,'1',1457,,6931,6,,,0
12000,'1',1557,,3974,5,0,25 26 3 27 16,0
12100,'1',1549,,6936,5,0,27 28,0
13500,'1',1528,,6953,5,0,98 99 25 26 3 25 36,0
13700,'1',1525,,6956,5,0,100 10 11 31 3 27 16,0
14001,'1',818,,6961,4,0,24,0
15001,'1',749,,6972,4,,,0,70,,6971,4,,,0,30,,6970,4,,,0
