200,'1',536,,5497,21,0,18,0,70,,5509,21,0,18,0,30,,5487,21,0,18,0,70,,4433,21,0,18,0,30,,5504,21,0,18,0,70,,2743,21,0,18,0,30,,5502,21,0,18,0,70,,3597,21,0,18,0,30,,5486,21,0,18,0,70,,4054,21,0,18,0,30,,5503,21,0,18,0,70,,5499,21,0,18,0,30,,5496,21,0,18,0,70,,5488,21,0,18,0,30,,2575,21,0,18,0,70,,3001,21,0,18,0,30,,5494,21,0,18,0,70,,5495,21,0,18,0,30,,5492,21,0,18,0,70,,4438,21,0,18,0,30,,5489,21,0,18,0,70,,5506,21,0,18,0,30,,5485,21,0,18,0,70,,5491,21,0,18,0,30,,4366,21,0,18,0,70,,5508,21,0,18,0,30,,3973,21,0,18,0,70,,5498,21,0,18,0,30,,5501,21,0,18,0,70,,5507,21,0,18,0,30,,5493,21,0,18,0,70,,5510,21,0,18,0,30,,5490,21,0,18,0,70,,5505,21,0,18,0,30,,4301,21,0,18,0,70,,5062,21,0,18,0,30,,5500,21,0,18,0
200,'2',536,,5260,21,0,18,0,70,,3303,21,0,18,0,30,,5525,21,0,18,0,70,,5516,21,0,18,0,30,,3224,21,0,18,0,70,,5523,21,0,18,0,30,,5526,21,0,18,0,70,,3955,21,0,18,0,30,,5527,21,0,18,0,70,,4274,21,0,18,0,30,,638,21,0,18,0,70,,3565,21,0,18,0,30,,5243,21,0,18,0,70,,4142,21,0,18,0,30,,4289,21,0,18,0,70,,5114,21,0,18,0,30,,5513,21,0,18,0,70,,4417,21,0,18,0,30,,5520,21,0,18,0,70,,5518,21,0,18,0,30,,4339,21,0,18,0,70,,5529,21,0,18,0,30,,2215,21,0,18,0,70,,5511,21,0,18,0,30,,5530,21,0,18,0,70,,4419,21,0,18,0,30,,5519,21,0,18,0,70,,5517,21,0,18,0,30,,5514,21,0,18,0,70,,5521,21,0,18,0,30,,5522,21,0,18,0,70,,5512,21,0,18,0,30,,2892,21,0,18,0,70,,5528,21,0,18,0,30,,1874,21,0,18,0,70,,5515,21,0,18,0,30,,5524,21,0,18,0
200,'3',836,,5539,21,0,18,0,70,,5552,21,0,18,0,30,,5538,21,0,18,0,70,,5531,21,0,18,0,30,,5537,21,0,18,0,70,,5548,21,0,18,0,30,,5551,21,0,18,0,70,,5536,21,0,18,0,30,,5534,21,0,18,0,70,,5535,21,0,18,0,30,,5550,21,0,18,0,70,,5532,21,0,18,0,30,,5542,21,0,18,0,70,,5546,21,0,18,0,30,,5541,21,0,18,0,70,,5540,21,0,18,0,30,,3817,21,0,18,0,70,,5543,21,0,18,0,30,,2971,21,0,18,0,70,,5547,21,0,18,0,30,,5549,21,0,18,0,70,,5545,21,0,18,0,30,,5544,21,0,18,0,70,,5533,21,0,18,0
200,'4',536,,5555,21,0,18,0,70,,4008,21,0,18,0,30,,5557,21,0,18,0,70,,5562,21,0,18,0,30,,5558,21,0,18,0,70,,4407,21,0,18,0,30,,3348,21,0,18,0,70,,5566,21,0,18,0,30,,1216,21,0,18,0,70,,5568,21,0,18,0,30,,5569,21,0,18,0,70,,5560,21,0,18,0,30,,5563,21,0,18,0,70,,5556,21,0,18,0,30,,5572,21,0,18,0,70,,5565,21,0,18,0,30,,5559,21,0,18,0,70,,5570,21,0,18,0,30,,1994,21,0,18,0,70,,5575,21,0,18,0,30,,5574,21,0,18,0,70,,4540,21,0,18,0,30,,912,21,0,18,0,70,,5554,21,0,18,0,30,,4025,21,0,18,0,70,,5567,21,0,18,0,30,,5564,21,0,18,0,70,,5573,21,0,18,0,30,,4729,21,0,18,0,70,,5553,21,0,18,0,30,,3928,21,0,18,0,70,,2793,21,0,18,0,30,,5561,21,0,18,0,70,,5576,21,0,18,0,30,,5571,21,0,18,0,70,,4179,21,0,18,0,30,,4018,21,0,18,0
1001,'1',517,,6082,2,0,32,0,30,,6083,2,0,32,0,70,,6088,2,0,32,0,30,,6077,2,0,32,0,70,,6085,2,0,32,0,30,,6086,2,0,32,0,70,,6080,2,0,32,0,30,,6074,2,0,32,0,70,,6081,2,0,32,0,30,,6078,2,0,32,0,70,,6072,2,0,32,0,30,,6068,2,0,32,0,70,,6073,2,0,32,0,30,,5123,2,0,32,0,70,,6070,2,0,32,0,30,,6075,2,0,32,0,70,,2649,2,0,32,0,30,,6092,2,0,32,0,70,,6089,2,0,32,0,30,,2325,2,0,32,0,70,,6071,2,0,32,0,30,,6091,2,0,32,0,70,,6076,2,0,32,0,30,,6090,2,0,32,0,70,,3495,2,0,32,0,30,,6087,2,0,32,0,70,,5229,2,0,32,0,30,,6079,2,0,32,0,70,,6084,2,0,32,0,30,,6069,2,0,32,0
1001,'2',517,,6103,2,0,32,0,30,,6111,2,0,32,0,70,,6113,2,0,32,0,30,,6097,2,0,32,0,70,,6112,2,0,32,0,30,,388,2,0,32,0,70,,6101,2,0,32,0,30,,6100,2,0,32,0,70,,6104,2,0,32,0,30,,4276,2,0,32,0,70,,4681,2,0,32,0,30,,6105,2,0,32,0,70,,6109,2,0,32,0,30,,4750,2,0,32,0,70,,5262,2,0,32,0,30,,6094,2,0,32,0,70,,4760,2,0,32,0,30,,6107,2,0,32,0,70,,6099,2,0,32,0,30,,6110,2,0,32,0,70,,2948,2,0,32,0,30,,6106,2,0,32,0,70,,1278,2,0,32,0,30,,6114,2,0,32,0,70,,6096,2,0,32,0,30,,6108,2,0,32,0,70,,6095,2,0,32,0,30,,6098,2,0,32,0,70,,6093,2,0,32,0,30,,6102,2,0,32,0
1001,'3',847,,6123,2,0,32,0,100,,6126,2,0,32,0,100,,6125,2,0,32,0,100,,6121,2,0,32,0,100,,6118,2,0,32,0,100,,6124,2,0,32,0,100,,6120,2,0,32,0,100,,6119,2,0,32,0,100,,6115,2,0,32,0,100,,6116,2,0,32,0,100,,6117,2,0,32,0,100,,6122,2,0,32,0
1001,'4',517,,4660,2,0,32,0,30,,6133,2,0,32,0,70,,6142,2,0,32,0,30,,6146,2,0,32,0,70,,6143,2,0,32,0,30,,6129,2,0,32,0,70,,6148,2,0,32,0,30,,6144,2,0,32,0,70,,159,2,0,32,0,30,,4736,2,0,32,0,70,,1996,2,0,32,0,30,,6137,2,0,32,0,70,,6139,2,0,32,0,30,,6138,2,0,32,0,70,,6140,2,0,32,0,30,,6127,2,0,32,0,70,,6141,2,0,32,0,30,,566,2,0,32,0,70,,6136,2,0,32,0,30,,6134,2,0,32,0,70,,6145,2,0,32,0,30,,6128,2,0,32,0,70,,4991,2,0,32,0,30,,6149,2,0,32,0,70,,6147,2,0,32,0,30,,6135,2,0,32,0,70,,6130,2,0,32,0,30,,6131,2,0,32,0,70,,4980,2,0,32,0,30,,6132,2,0,32,0
11100,'1',1512,,6931,22,,,0
11201,'1',733,,214,5,,,0
13501,'1',747,,6954,12,,,0
14100,'1',1553,,4506,2,,,0
14200,'1',1553,,6964,2,0,50 103 104 53 3 38,0
14400,'1',1557,,6967,3,0,98 25 107 99 32,0
