100,'1',504,,5286,1,0,40 41 42 43,0,30,,5296,1,0,40 41 42 43,0,70,,5294,1,0,40 41 42 43,0,30,,5291,1,0,40 41 42 43,0,70,,5290,1,0,40 41 42 43,0,30,,5299,1,0,40 41 42 43,0,70,,215,1,0,40 41 42 43,0,30,,5304,1,0,40 41 42 43,0,70,,5301,1,0,40 41 42 43,0,30,,5303,1,0,40 41 42 43,0,70,,4857,1,0,40 41 42 43,0,30,,5280,1,0,40 41 42 43,0,70,,5295,1,0,40 41 42 43,0,30,,5297,1,0,40 41 42 43,0,70,,5288,1,0,40 41 42 43,0,30,,5298,1,0,40 41 42 43,0,70,,5292,1,0,40 41 42 43,0,30,,4363,1,0,40 41 42 43,0,70,,5284,1,0,40 41 42 43,0,30,,5283,1,0,40 41 42 43,0,70,,3885,1,0,40 41 42 43,0,30,,5293,1,0,40 41 42 43,0,70,,5302,1,0,40 41 42 43,0,30,,4632,1,0,40 41 42 43,0,70,,2042,1,0,40 41 42 43,0,30,,3490,1,0,40 41 42 43,0,70,,5281,1,0,40 41 42 43,0,30,,5287,1,0,40 41 42 43,0,70,,5279,1,0,40 41 42 43,0,30,,4777,1,0,40 41 42 43,0,70,,5300,1,0,40 41 42 43,0,30,,4961,1,0,40 41 42 43,0,70,,4638,1,0,40 41 42 43,0,30,,5285,1,0,40 41 42 43,0,70,,5289,1,0,40 41 42 43,0,30,,5282,1,0,40 41 42 43,0,70,,4637,1,0,40 41 42 43,0
100,'2',504,,5326,1,0,40 41 42 43,0,30,,5320,1,0,40 41 42 43,0,70,,5310,1,0,40 41 42 43,0,30,,4998,1,0,40 41 42 43,0,70,,5322,1,0,40 41 42 43,0,30,,5307,1,0,40 41 42 43,0,70,,5329,1,0,40 41 42 43,0,30,,5319,1,0,40 41 42 43,0,70,,5312,1,0,40 41 42 43,0,30,,5309,1,0,40 41 42 43,0,70,,5106,1,0,40 41 42 43,0,30,,5313,1,0,40 41 42 43,0,70,,5308,1,0,40 41 42 43,0,30,,5323,1,0,40 41 42 43,0,70,,3846,1,0,40 41 42 43,0,30,,5324,1,0,40 41 42 43,0,70,,2950,1,0,40 41 42 43,0,30,,5305,1,0,40 41 42 43,0,70,,5318,1,0,40 41 42 43,0,30,,5316,1,0,40 41 42 43,0,70,,5325,1,0,40 41 42 43,0,30,,4954,1,0,40 41 42 43,0,70,,5311,1,0,40 41 42 43,0,30,,5306,1,0,40 41 42 43,0,70,,2823,1,0,40 41 42 43,0,30,,5317,1,0,40 41 42 43,0,70,,5330,1,0,40 41 42 43,0,30,,5315,1,0,40 41 42 43,0,70,,5273,1,0,40 41 42 43,0,30,,5327,1,0,40 41 42 43,0,70,,4196,1,0,40 41 42 43,0,30,,4943,1,0,40 41 42 43,0,70,,1887,1,0,40 41 42 43,0,30,,5328,1,0,40 41 42 43,0,70,,5314,1,0,40 41 42 43,0,30,,2597,1,0,40 41 42 43,0,70,,5321,1,0,40 41 42 43,0
100,'3',804,,5331,1,0,40 41 42 43,0,30,,5336,1,0,40 41 42 43,0,70,,5334,1,0,40 41 42 43,0,30,,5346,1,0,40 41 42 43,0,70,,5350,1,0,40 41 42 43,0,30,,5347,1,0,40 41 42 43,0,70,,5339,1,0,40 41 42 43,0,30,,5342,1,0,40 41 42 43,0,70,,4719,1,0,40 41 42 43,0,30,,5352,1,0,40 41 42 43,0,70,,5340,1,0,40 41 42 43,0,30,,5335,1,0,40 41 42 43,0,70,,5351,1,0,40 41 42 43,0,30,,5348,1,0,40 41 42 43,0,70,,5338,1,0,40 41 42 43,0,30,,5337,1,0,40 41 42 43,0,70,,5343,1,0,40 41 42 43,0,30,,5344,1,0,40 41 42 43,0,70,,5345,1,0,40 41 42 43,0,30,,5349,1,0,40 41 42 43,0,70,,5333,1,0,40 41 42 43,0,30,,5341,1,0,40 41 42 43,0,70,,5332,1,0,40 41 42 43,0
100,'4',504,,5380,1,0,40 41 42 43,0,30,,5358,1,0,40 41 42 43,0,70,,5360,1,0,40 41 42 43,0,30,,5364,1,0,40 41 42 43,0,70,,2555,1,0,40 41 42 43,0,30,,5359,1,0,40 41 42 43,0,70,,5372,1,0,40 41 42 43,0,30,,5370,1,0,40 41 42 43,0,70,,5375,1,0,40 41 42 43,0,30,,5371,1,0,40 41 42 43,0,70,,5035,1,0,40 41 42 43,0,30,,2464,1,0,40 41 42 43,0,70,,5373,1,0,40 41 42 43,0,30,,4017,1,0,40 41 42 43,0,70,,5361,1,0,40 41 42 43,0,30,,5357,1,0,40 41 42 43,0,70,,5374,1,0,40 41 42 43,0,30,,5377,1,0,40 41 42 43,0,70,,3121,1,0,40 41 42 43,0,30,,5368,1,0,40 41 42 43,0,70,,5367,1,0,40 41 42 43,0,30,,4878,1,0,40 41 42 43,0,70,,5356,1,0,40 41 42 43,0,30,,5362,1,0,40 41 42 43,0,70,,5353,1,0,40 41 42 43,0,30,,5378,1,0,40 41 42 43,0,70,,2924,1,0,40 41 42 43,0,30,,5355,1,0,40 41 42 43,0,70,,5363,1,0,40 41 42 43,0,30,,5369,1,0,40 41 42 43,0,70,,5379,1,0,40 41 42 43,0,30,,4460,1,0,40 41 42 43,0,70,,5354,1,0,40 41 42 43,0,30,,5366,1,0,40 41 42 43,0,70,,5376,1,0,40 41 42 43,0,30,,5365,1,0,40 41 42 43,0,70,,4320,1,0,40 41 42 43,0
101,'1',531,,5385,18,4,,0,70,,480,26,4,,0,30,,4064,26,4,,0,70,,4372,26,4,,0,30,,3886,26,4,,0,70,,5396,26,4,,0,30,,1462,26,4,,0,70,,5399,26,4,,0,30,,5390,26,4,,0,70,,5398,26,4,,0,30,,5394,26,4,,0,70,,5397,26,4,,0,30,,5402,26,4,,0,70,,5403,26,4,,0,30,,5407,26,4,,0,70,,5391,26,4,,0,30,,5389,26,4,,0,70,,5387,26,4,,0,30,,5014,26,4,,0,70,,5401,26,4,,0,30,,5384,26,4,,0,70,,5393,26,4,,0,30,,5406,26,4,,0,70,,2882,26,4,,0,30,,5381,26,4,,0,70,,71,26,4,,0,30,,5382,26,4,,0,70,,5388,26,4,,0,30,,4859,26,4,,0,70,,5386,26,4,,0,30,,5395,26,4,,0,70,,4235,26,4,,0,30,,1602,26,4,,0,70,,5392,26,4,,0,30,,5383,26,4,,0,70,,5400,26,4,,0,30,,5404,26,4,,0
101,'2',531,,5427,18,4,,0,70,,5410,26,4,,0,30,,5413,26,4,,0,70,,5426,26,4,,0,30,,4211,26,4,,0,70,,5417,26,4,,0,30,,5408,26,4,,0,70,,5425,26,4,,0,30,,5409,26,4,,0,70,,5420,26,4,,0,30,,5267,26,4,,0,70,,5429,26,4,,0,30,,5411,26,4,,0,70,,5432,26,4,,0,30,,3088,26,4,,0,70,,5416,26,4,,0,30,,5423,26,4,,0,70,,5421,26,4,,0,30,,5430,26,4,,0,70,,3947,26,4,,0,30,,5434,26,4,,0,70,,3753,26,4,,0,30,,5424,26,4,,0,70,,5419,26,4,,0,30,,5422,26,4,,0,70,,2754,26,4,,0,30,,3855,26,4,,0,70,,5414,26,4,,0,30,,5415,26,4,,0,70,,5418,26,4,,0,30,,5428,26,4,,0,70,,5412,26,4,,0,30,,5433,26,4,,0,70,,4896,26,4,,0,30,,4605,26,4,,0,70,,3677,26,4,,0,30,,3396,26,4,,0
101,'3',831,,4871,18,4,,0,70,,5451,26,4,,0,30,,5446,26,4,,0,70,,5452,26,4,,0,30,,5453,26,4,,0,70,,5437,26,4,,0,30,,4867,26,4,,0,70,,5438,26,4,,0,30,,5441,26,4,,0,70,,5436,26,4,,0,30,,4706,26,4,,0,70,,5445,26,4,,0,30,,5435,26,4,,0,70,,5450,26,4,,0,30,,4452,26,4,,0,70,,5442,26,4,,0,30,,5443,26,4,,0,70,,5448,26,4,,0,30,,4806,26,4,,0,70,,5440,26,4,,0,30,,5447,26,4,,0,70,,5449,26,4,,0,30,,5439,26,4,,0,70,,5444,26,4,,0
101,'4',531,,5454,18,4,,0,70,,5469,26,4,,0,30,,4813,26,4,,0,70,,1827,26,4,,0,30,,5462,26,4,,0,70,,5480,26,4,,0,30,,5478,26,4,,0,70,,5461,26,4,,0,30,,5456,26,4,,0,70,,5476,26,4,,0,30,,5483,26,4,,0,70,,5471,26,4,,0,30,,5479,26,4,,0,70,,3652,26,4,,0,30,,5477,26,4,,0,70,,5463,26,4,,0,30,,3830,26,4,,0,70,,5472,26,4,,0,30,,4931,26,4,,0,70,,170,26,4,,0,30,,5468,26,4,,0,70,,5470,26,4,,0,30,,5481,26,4,,0,70,,5458,26,4,,0,30,,5460,26,4,,0,70,,5482,26,4,,0,30,,5464,26,4,,0,70,,5474,26,4,,0,30,,5457,26,4,,0,70,,5475,26,4,,0,30,,5466,26,4,,0,70,,5459,26,4,,0,30,,5467,26,4,,0,70,,5484,26,4,,0,30,,4469,26,4,,0,70,,5473,26,4,,0,30,,5465,26,4,,0
200,'1',519,,5497,2,0,18,0,30,,5509,2,0,18,0,70,,5487,2,0,18,0,30,,4433,2,0,18,0,70,,5504,2,0,18,0,30,,2743,2,0,18,0,70,,5502,2,0,18,0,30,,3597,2,0,18,0,70,,5486,2,0,18,0,30,,4054,2,0,18,0,70,,5503,2,0,18,0,30,,5499,2,0,18,0,70,,5496,2,0,18,0,30,,5488,2,0,18,0,70,,2575,2,0,18,0,30,,3001,2,0,18,0,70,,5494,2,0,18,0,30,,5495,2,0,18,0,70,,5492,2,0,18,0,30,,4438,2,0,18,0,70,,5489,2,0,18,0,30,,5506,2,0,18,0,70,,5485,2,0,18,0,30,,5491,2,0,18,0,70,,4366,2,0,18,0,30,,5508,2,0,18,0,70,,3973,2,0,18,0,30,,5498,2,0,18,0,70,,5501,2,0,18,0,30,,5507,2,0,18,0,70,,5493,2,0,18,0,30,,5510,2,0,18,0,70,,5490,2,0,18,0,30,,5505,2,0,18,0,70,,4301,2,0,18,0,30,,5062,2,0,18,0,70,,5500,2,0,18,0
200,'2',519,,5260,2,0,18,0,30,,3303,2,0,18,0,70,,5525,2,0,18,0,30,,5516,2,0,18,0,70,,3224,2,0,18,0,30,,5523,2,0,18,0,70,,5526,2,0,18,0,30,,3955,2,0,18,0,70,,5527,2,0,18,0,30,,4274,2,0,18,0,70,,638,2,0,18,0,30,,3565,2,0,18,0,70,,5243,2,0,18,0,30,,4142,2,0,18,0,70,,4289,2,0,18,0,30,,5114,2,0,18,0,70,,5513,2,0,18,0,30,,4417,2,0,18,0,70,,5520,2,0,18,0,30,,5518,2,0,18,0,70,,4339,2,0,18,0,30,,5529,2,0,18,0,70,,2215,2,0,18,0,30,,5511,2,0,18,0,70,,5530,2,0,18,0,30,,4419,2,0,18,0,70,,5519,2,0,18,0,30,,5517,2,0,18,0,70,,5514,2,0,18,0,30,,5521,2,0,18,0,70,,5522,2,0,18,0,30,,5512,2,0,18,0,70,,2892,2,0,18,0,30,,5528,2,0,18,0,70,,1874,2,0,18,0,30,,5515,2,0,18,0,70,,5524,2,0,18,0
200,'3',819,,5539,2,0,18,0,30,,5552,2,0,18,0,70,,5538,2,0,18,0,30,,5531,2,0,18,0,70,,5537,2,0,18,0,30,,5548,2,0,18,0,70,,5551,2,0,18,0,30,,5536,2,0,18,0,70,,5534,2,0,18,0,30,,5535,2,0,18,0,70,,5550,2,0,18,0,30,,5532,2,0,18,0,70,,5542,2,0,18,0,30,,5546,2,0,18,0,70,,5541,2,0,18,0,30,,5540,2,0,18,0,70,,3817,2,0,18,0,30,,5543,2,0,18,0,70,,2971,2,0,18,0,30,,5547,2,0,18,0,70,,5549,2,0,18,0,30,,5545,2,0,18,0,70,,5544,2,0,18,0,30,,5533,2,0,18,0
200,'4',519,,5555,2,0,18,0,30,,4008,2,0,18,0,70,,5557,2,0,18,0,30,,5562,2,0,18,0,70,,5558,2,0,18,0,30,,4407,2,0,18,0,70,,3348,2,0,18,0,30,,5566,2,0,18,0,70,,1216,2,0,18,0,30,,5568,2,0,18,0,70,,5569,2,0,18,0,30,,5560,2,0,18,0,70,,5563,2,0,18,0,30,,5556,2,0,18,0,70,,5572,2,0,18,0,30,,5565,2,0,18,0,70,,5559,2,0,18,0,30,,5570,2,0,18,0,70,,1994,2,0,18,0,30,,5575,2,0,18,0,70,,5574,2,0,18,0,30,,4540,2,0,18,0,70,,912,2,0,18,0,30,,5554,2,0,18,0,70,,4025,2,0,18,0,30,,5567,2,0,18,0,70,,5564,2,0,18,0,30,,5573,2,0,18,0,70,,4729,2,0,18,0,30,,5553,2,0,18,0,70,,3928,2,0,18,0,30,,2793,2,0,18,0,70,,5561,2,0,18,0,30,,5576,2,0,18,0,70,,5571,2,0,18,0,30,,4179,2,0,18,0,70,,4018,2,0,18,0
300,'1',545,,5681,2,0,65 2 64,0,70,,5188,2,0,65 2 64,0,30,,5678,2,0,65 2 64,0,70,,5682,2,0,65 2 64,0,30,,5689,2,0,65 2 64,0,70,,5690,2,0,65 2 64,0,30,,4960,2,0,65 2 64,0,70,,3294,2,0,65 2 64,0,30,,5680,2,0,65 2 64,0,70,,2807,2,0,65 2 64,0,30,,2122,2,0,65 2 64,0,70,,2289,2,0,65 2 64,0,30,,2482,2,0,65 2 64,0,70,,5688,2,0,65 2 64,0,30,,5686,2,0,65 2 64,0,70,,5693,2,0,65 2 64,0,30,,3978,2,0,65 2 64,0,70,,2283,2,0,65 2 64,0,30,,5684,2,0,65 2 64,0,70,,5194,2,0,65 2 64,0,30,,5677,2,0,65 2 64,0,70,,3879,2,0,65 2 64,0,30,,5679,2,0,65 2 64,0,70,,5691,2,0,65 2 64,0,30,,5685,2,0,65 2 64,0,70,,2484,2,0,65 2 64,0,30,,2134,2,0,65 2 64,0,70,,5683,2,0,65 2 64,0,30,,2931,2,0,65 2 64,0,100,,5692,2,0,65 2 64,0,100,,4496,2,0,65 2 64,0,100,,5687,2,0,65 2 64,0
300,'2',545,,2509,2,0,65 2 64,0,70,,2885,2,0,65 2 64,0,30,,4129,2,0,65 2 64,0,70,,5711,2,0,65 2 64,0,30,,5697,2,0,65 2 64,0,70,,5703,2,0,65 2 64,0,30,,3861,2,0,65 2 64,0,70,,4748,2,0,65 2 64,0,30,,3229,2,0,65 2 64,0,70,,5706,2,0,65 2 64,0,30,,5704,2,0,65 2 64,0,70,,4033,2,0,65 2 64,0,30,,5695,2,0,65 2 64,0,70,,5709,2,0,65 2 64,0,30,,2767,2,0,65 2 64,0,70,,5705,2,0,65 2 64,0,30,,5701,2,0,65 2 64,0,70,,4424,2,0,65 2 64,0,30,,5698,2,0,65 2 64,0,70,,5702,2,0,65 2 64,0,30,,5707,2,0,65 2 64,0,70,,5699,2,0,65 2 64,0,30,,4039,2,0,65 2 64,0,70,,5708,2,0,65 2 64,0,30,,3754,2,0,65 2 64,0,70,,4138,2,0,65 2 64,0,30,,123,2,0,65 2 64,0,70,,5710,2,0,65 2 64,0,30,,5696,2,0,65 2 64,0,100,,5694,2,0,65 2 64,0,100,,3097,2,0,65 2 64,0,100,,5700,2,0,65 2 64,0
300,'3',845,,5721,2,0,65 2 64,0,100,,5712,2,0,65 2 64,0,100,,2973,2,0,65 2 64,0,100,,5713,2,0,65 2 64,0,100,,5722,2,0,65 2 64,0,100,,5716,2,0,65 2 64,0,100,,5720,2,0,65 2 64,0,100,,5718,2,0,65 2 64,0,100,,5715,2,0,65 2 64,0,100,,5714,2,0,65 2 64,0,100,,5719,2,0,65 2 64,0,100,,5717,2,0,65 2 64,0
300,'4',545,,3920,2,0,65 2 64,0,70,,5735,2,0,65 2 64,0,30,,5731,2,0,65 2 64,0,70,,4338,2,0,65 2 64,0,30,,3834,2,0,65 2 64,0,70,,4013,2,0,65 2 64,0,30,,5732,2,0,65 2 64,0,70,,5724,2,0,65 2 64,0,30,,5742,2,0,65 2 64,0,70,,5738,2,0,65 2 64,0,30,,5741,2,0,65 2 64,0,70,,4404,2,0,65 2 64,0,30,,5740,2,0,65 2 64,0,70,,3926,2,0,65 2 64,0,30,,5727,2,0,65 2 64,0,70,,5739,2,0,65 2 64,0,30,,5726,2,0,65 2 64,0,70,,5737,2,0,65 2 64,0,30,,5725,2,0,65 2 64,0,70,,5743,2,0,65 2 64,0,30,,4659,2,0,65 2 64,0,70,,5729,2,0,65 2 64,0,30,,5736,2,0,65 2 64,0,70,,5723,2,0,65 2 64,0,30,,5734,2,0,65 2 64,0,70,,2862,2,0,65 2 64,0,30,,5730,2,0,65 2 64,0,70,,5733,2,0,65 2 64,0,30,,5728,2,0,65 2 64,0,100,,3177,2,0,65 2 64,0,100,,4388,2,0,65 2 64,0,100,,4741,2,0,65 2 64,0
1101,'1',548,,6236,45,0,5 2 6 7,0,70,,4633,45,0,5 2 6 7,0,30,,6228,45,0,5 2 6 7,0,70,,6239,45,0,5 2 6 7,0,30,,6232,45,0,5 2 6 7,0,70,,6244,45,0,5 2 6 7,0,30,,6246,45,0,5 2 6 7,0,70,,6230,45,0,5 2 6 7,0,30,,6231,45,0,5 2 6 7,0,70,,6245,45,0,5 2 6 7,0,30,,592,45,0,5 2 6 7,0,70,,6224,45,0,5 2 6 7,0,30,,6238,45,0,5 2 6 7,0,70,,3497,45,0,5 2 6 7,0,30,,6243,45,0,5 2 6 7,0,70,,2933,45,0,5 2 6 7,0,30,,6241,45,0,5 2 6 7,0,70,,6237,45,0,5 2 6 7,0,30,,6242,45,0,5 2 6 7,0,70,,6233,45,0,5 2 6 7,0,30,,4226,45,0,5 2 6 7,0,70,,6226,45,0,5 2 6 7,0,30,,6240,45,0,5 2 6 7,0,70,,6234,45,0,5 2 6 7,0,30,,6227,45,0,5 2 6 7,0,70,,6229,45,0,5 2 6 7,0,30,,6235,45,0,5 2 6 7,0,70,,6225,45,0,5 2 6 7,0,30,,3381,45,0,5 2 6 7,0
1101,'2',548,,6262,45,0,5 2 6 7,0,70,,6264,45,0,5 2 6 7,0,30,,6261,45,0,5 2 6 7,0,70,,5162,45,0,5 2 6 7,0,30,,6248,45,0,5 2 6 7,0,70,,6255,45,0,5 2 6 7,0,30,,6260,45,0,5 2 6 7,0,70,,6254,45,0,5 2 6 7,0,30,,5275,45,0,5 2 6 7,0,70,,6265,45,0,5 2 6 7,0,30,,4494,45,0,5 2 6 7,0,70,,6250,45,0,5 2 6 7,0,30,,6263,45,0,5 2 6 7,0,70,,4953,45,0,5 2 6 7,0,30,,6257,45,0,5 2 6 7,0,70,,6267,45,0,5 2 6 7,0,30,,5113,45,0,5 2 6 7,0,70,,3023,45,0,5 2 6 7,0,30,,2331,45,0,5 2 6 7,0,70,,6249,45,0,5 2 6 7,0,30,,6256,45,0,5 2 6 7,0,70,,6258,45,0,5 2 6 7,0,30,,4121,45,0,5 2 6 7,0,70,,6247,45,0,5 2 6 7,0,30,,6266,45,0,5 2 6 7,0,70,,6251,45,0,5 2 6 7,0,30,,6252,45,0,5 2 6 7,0,70,,6253,45,0,5 2 6 7,0,30,,6259,45,0,5 2 6 7,0
1101,'3',848,,6268,45,0,5 2 6 7,0,100,,6273,45,0,5 2 6 7,0,100,,6270,45,0,5 2 6 7,0,100,,6276,45,0,5 2 6 7,0,100,,4251,45,0,5 2 6 7,0,100,,6272,45,0,5 2 6 7,0,100,,6274,45,0,5 2 6 7,0,100,,4790,45,0,5 2 6 7,0,100,,6271,45,0,5 2 6 7,0,100,,3805,45,0,5 2 6 7,0,100,,6275,45,0,5 2 6 7,0,100,,6269,45,0,5 2 6 7,0
1101,'4',548,,6284,45,0,5 2 6 7,0,70,,6279,45,0,5 2 6 7,0,30,,2470,45,0,5 2 6 7,0,70,,1109,45,0,5 2 6 7,0,30,,3646,45,0,5 2 6 7,0,70,,6282,45,0,5 2 6 7,0,30,,6285,45,0,5 2 6 7,0,70,,6278,45,0,5 2 6 7,0,30,,6294,45,0,5 2 6 7,0,70,,4603,45,0,5 2 6 7,0,30,,6290,45,0,5 2 6 7,0,70,,6280,45,0,5 2 6 7,0,30,,1560,45,0,5 2 6 7,0,70,,6277,45,0,5 2 6 7,0,30,,6288,45,0,5 2 6 7,0,70,,6291,45,0,5 2 6 7,0,30,,3641,45,0,5 2 6 7,0,70,,6286,45,0,5 2 6 7,0,30,,6283,45,0,5 2 6 7,0,70,,4538,45,0,5 2 6 7,0,30,,6293,45,0,5 2 6 7,0,70,,6289,45,0,5 2 6 7,0,30,,5141,45,0,5 2 6 7,0,70,,3256,45,0,5 2 6 7,0,30,,3178,45,0,5 2 6 7,0,70,,6287,45,0,5 2 6 7,0,30,,4819,45,0,5 2 6 7,0,70,,6292,45,0,5 2 6 7,0,30,,6281,45,0,5 2 6 7,0
1300,'1',516,,6496,2,0,63 11 2 64 2 20,0,30,,6485,2,0,63 11 2 64 2 20,0,70,,6488,2,0,63 11 2 64 2 20,0,30,,6497,2,0,63 11 2 64 2 20,0,70,,4370,2,0,63 11 2 64 2 20,0,30,,6492,2,0,63 11 2 64 2 20,0,70,,2574,2,0,63 11 2 64 2 20,0,30,,6487,2,0,63 11 2 64 2 20,0,70,,4441,2,0,63 11 2 64 2 20,0,30,,6498,2,0,63 11 2 64 2 20,0,70,,6495,2,0,63 11 2 64 2 20,0,100,,6494,2,0,63 11 2 64 2 20,0,100,,6493,2,0,63 11 2 64 2 20,0,100,,6486,2,0,63 11 2 64 2 20,0,100,,6484,2,0,63 11 2 64 2 20,0,100,,2736,2,0,63 11 2 64 2 20,0,30,,6491,2,0,63 11 2 64 2 20,0,70,,4778,2,0,63 11 2 64 2 20,0,30,,6490,2,0,63 11 2 64 2 20,0,70,,6500,2,0,63 11 2 64 2 20,0,30,,6499,2,0,63 11 2 64 2 20,0,70,,6489,2,0,63 11 2 64 2 20,0,30,,2405,2,0,63 11 2 64 2 20,0,70,,3499,2,0,63 11 2 64 2 20,0,30,,6483,2,0,63 11 2 64 2 20,0
1300,'2',516,,6515,2,0,63 11 2 64 2 20,0,30,,6508,2,0,63 11 2 64 2 20,0,70,,6511,2,0,63 11 2 64 2 20,0,30,,6512,2,0,63 11 2 64 2 20,0,70,,3939,2,0,63 11 2 64 2 20,0,30,,6502,2,0,63 11 2 64 2 20,0,70,,6507,2,0,63 11 2 64 2 20,0,30,,6517,2,0,63 11 2 64 2 20,0,70,,4675,2,0,63 11 2 64 2 20,0,30,,4277,2,0,63 11 2 64 2 20,0,70,,6509,2,0,63 11 2 64 2 20,0,100,,6516,2,0,63 11 2 64 2 20,0,100,,6504,2,0,63 11 2 64 2 20,0,100,,6506,2,0,63 11 2 64 2 20,0,100,,4611,2,0,63 11 2 64 2 20,0,100,,6513,2,0,63 11 2 64 2 20,0,30,,4035,2,0,63 11 2 64 2 20,0,70,,6518,2,0,63 11 2 64 2 20,0,30,,6501,2,0,63 11 2 64 2 20,0,70,,6514,2,0,63 11 2 64 2 20,0,30,,4617,2,0,63 11 2 64 2 20,0,70,,6510,2,0,63 11 2 64 2 20,0,30,,6503,2,0,63 11 2 64 2 20,0,70,,6505,2,0,63 11 2 64 2 20,0,30,,101,2,0,63 11 2 64 2 20,0
1300,'3',846,,6527,2,0,63 11 2 64 2 20,0,100,,6525,2,0,63 11 2 64 2 20,0,100,,6522,2,0,63 11 2 64 2 20,0,100,,6526,2,0,63 11 2 64 2 20,0,100,,6523,2,0,63 11 2 64 2 20,0,100,,6528,2,0,63 11 2 64 2 20,0,100,,6519,2,0,63 11 2 64 2 20,0,100,,4092,2,0,63 11 2 64 2 20,0,100,,6524,2,0,63 11 2 64 2 20,0,100,,6520,2,0,63 11 2 64 2 20,0,100,,6521,2,0,63 11 2 64 2 20,0,100,,4796,2,0,63 11 2 64 2 20,0
1300,'4',516,,5033,2,0,63 11 2 64 2 20,0,30,,6538,2,0,63 11 2 64 2 20,0,70,,6540,2,0,63 11 2 64 2 20,0,30,,3127,2,0,63 11 2 64 2 20,0,70,,3938,2,0,63 11 2 64 2 20,0,30,,4602,2,0,63 11 2 64 2 20,0,70,,6541,2,0,63 11 2 64 2 20,0,30,,3541,2,0,63 11 2 64 2 20,0,70,,4014,2,0,63 11 2 64 2 20,0,30,,6530,2,0,63 11 2 64 2 20,0,70,,6543,2,0,63 11 2 64 2 20,0,100,,6542,2,0,63 11 2 64 2 20,0,100,,6529,2,0,63 11 2 64 2 20,0,100,,2856,2,0,63 11 2 64 2 20,0,100,,6537,2,0,63 11 2 64 2 20,0,100,,6536,2,0,63 11 2 64 2 20,0,30,,6539,2,0,63 11 2 64 2 20,0,70,,6535,2,0,63 11 2 64 2 20,0,30,,6533,2,0,63 11 2 64 2 20,0,70,,6544,2,0,63 11 2 64 2 20,0,30,,6534,2,0,63 11 2 64 2 20,0,70,,448,2,0,63 11 2 64 2 20,0,30,,4402,2,0,63 11 2 64 2 20,0,70,,6532,2,0,63 11 2 64 2 20,0,30,,6531,2,0,63 11 2 64 2 20,0
15100,'1',1605,,6973,26,4,,0
15101,'1',825,,6974,14,0,75 1 76,0
