400,'1',543,,5180,24,0,21 2 22 23,0,70,,5835,24,0,21 2 22 23,0,30,,5840,24,0,21 2 22 23,0,70,,5849,24,0,21 2 22 23,0,30,,5843,24,0,21 2 22 23,0,70,,3789,24,0,21 2 22 23,0,30,,5845,24,0,21 2 22 23,0,70,,5848,24,0,21 2 22 23,0,30,,5856,24,0,21 2 22 23,0,70,,4693,24,0,21 2 22 23,0,30,,5850,24,0,21 2 22 23,0,70,,5854,24,0,21 2 22 23,0,30,,4695,24,0,21 2 22 23,0,70,,5839,24,0,21 2 22 23,0,30,,5837,24,0,21 2 22 23,0,70,,5846,24,0,21 2 22 23,0,30,,5211,24,0,21 2 22 23,0,70,,5838,24,0,21 2 22 23,0,30,,3137,24,0,21 2 22 23,0,70,,5842,24,0,21 2 22 23,0,30,,5847,24,0,21 2 22 23,0,70,,4514,24,0,21 2 22 23,0,30,,5853,24,0,21 2 22 23,0,70,,5851,24,0,21 2 22 23,0,30,,3875,24,0,21 2 22 23,0,70,,3983,24,0,21 2 22 23,0,30,,923,24,0,21 2 22 23,0,70,,5852,24,0,21 2 22 23,0,30,,5841,24,0,21 2 22 23,0,70,,5844,24,0,21 2 22 23,0,100,,5834,24,0,21 2 22 23,0,100,,5855,24,0,21 2 22 23,0,100,,3500,24,0,21 2 22 23,0
400,'2',543,,5242,24,0,21 2 22 23,0,70,,5859,24,0,21 2 22 23,0,30,,5862,24,0,21 2 22 23,0,70,,3864,24,0,21 2 22 23,0,30,,5869,24,0,21 2 22 23,0,70,,5874,24,0,21 2 22 23,0,30,,5865,24,0,21 2 22 23,0,70,,5880,24,0,21 2 22 23,0,30,,5877,24,0,21 2 22 23,0,70,,5857,24,0,21 2 22 23,0,30,,5863,24,0,21 2 22 23,0,70,,5875,24,0,21 2 22 23,0,30,,5867,24,0,21 2 22 23,0,70,,5248,24,0,21 2 22 23,0,30,,4548,24,0,21 2 22 23,0,70,,5878,24,0,21 2 22 23,0,30,,3562,24,0,21 2 22 23,0,70,,3963,24,0,21 2 22 23,0,30,,5870,24,0,21 2 22 23,0,70,,5872,24,0,21 2 22 23,0,30,,5861,24,0,21 2 22 23,0,70,,5879,24,0,21 2 22 23,0,30,,5864,24,0,21 2 22 23,0,70,,5866,24,0,21 2 22 23,0,30,,5873,24,0,21 2 22 23,0,70,,3964,24,0,21 2 22 23,0,30,,5868,24,0,21 2 22 23,0,70,,5858,24,0,21 2 22 23,0,30,,5881,24,0,21 2 22 23,0,70,,5876,24,0,21 2 22 23,0,100,,5860,24,0,21 2 22 23,0,100,,4684,24,0,21 2 22 23,0,100,,640,24,0,21 2 22 23,0
400,'3',843,,5884,24,0,21 2 22 23,0,100,,5070,24,0,21 2 22 23,0,100,,5891,24,0,21 2 22 23,0,100,,5889,24,0,21 2 22 23,0,100,,3406,24,0,21 2 22 23,0,100,,5887,24,0,21 2 22 23,0,100,,5885,24,0,21 2 22 23,0,100,,5886,24,0,21 2 22 23,0,100,,3808,24,0,21 2 22 23,0,100,,5882,24,0,21 2 22 23,0,100,,5888,24,0,21 2 22 23,0,100,,5883,24,0,21 2 22 23,0
400,'4',543,,5893,24,0,21 2 22 23,0,70,,3919,24,0,21 2 22 23,0,30,,5905,24,0,21 2 22 23,0,70,,5902,24,0,21 2 22 23,0,30,,5900,24,0,21 2 22 23,0,70,,5901,24,0,21 2 22 23,0,30,,3927,24,0,21 2 22 23,0,70,,5892,24,0,21 2 22 23,0,30,,4178,24,0,21 2 22 23,0,70,,5906,24,0,21 2 22 23,0,30,,5903,24,0,21 2 22 23,0,70,,4337,24,0,21 2 22 23,0,30,,4332,24,0,21 2 22 23,0,70,,4668,24,0,21 2 22 23,0,30,,5894,24,0,21 2 22 23,0,70,,5897,24,0,21 2 22 23,0,30,,4252,24,0,21 2 22 23,0,70,,5895,24,0,21 2 22 23,0,30,,299,24,0,21 2 22 23,0,70,,5904,24,0,21 2 22 23,0,30,,5909,24,0,21 2 22 23,0,70,,3582,24,0,21 2 22 23,0,30,,5896,24,0,21 2 22 23,0,70,,2983,24,0,21 2 22 23,0,30,,2635,24,0,21 2 22 23,0,70,,4881,24,0,21 2 22 23,0,30,,5907,24,0,21 2 22 23,0,70,,5899,24,0,21 2 22 23,0,30,,5898,24,0,21 2 22 23,0,70,,3935,24,0,21 2 22 23,0,100,,5092,24,0,21 2 22 23,0,100,,3257,24,0,21 2 22 23,0,100,,5908,24,0,21 2 22 23,0
12100,'1',1609,,6936,20,0,27 28,0
12101,'1',837,,6937,12,0,27 28,0
13700,'1',1544,,6956,25,0,100 10 11 31 3 27 16,0
13701,'1',746,,6957,13,0,33,0
14300,'1',1613,,2487,18,0,96 97 10 11 31 3 25 26,0
15200,'1',1609,,6975,27,0,54 93 105 100 10 11,0
15201,'1',828,,6976,16,0,75 1 76,0
