101,'1',543,,480,8,0,40 41 42 43,0,67,,4064,8,0,40 41 42 43,0,30,,4372,8,0,40 41 42 43,0,70,,3886,8,0,40 41 42 43,0,30,,5396,8,0,40 41 42 43,0,73,,1462,8,0,40 41 42 43,0,27,,5399,8,0,40 41 42 43,0,70,,5390,8,0,40 41 42 43,0,30,,5398,8,0,40 41 42 43,0,70,,5394,8,0,40 41 42 43,0,33,,5397,8,0,40 41 42 43,0,70,,5402,8,0,40 41 42 43,0,27,,5403,8,0,40 41 42 43,0,70,,5407,8,0,40 41 42 43,0,30,,5391,8,0,40 41 42 43,0,70,,5389,8,0,40 41 42 43,0,30,,5387,8,0,40 41 42 43,0,73,,5014,8,0,40 41 42 43,0,27,,5401,8,0,40 41 42 43,0,70,,5384,8,0,40 41 42 43,0,30,,5393,8,0,40 41 42 43,0,70,,5406,8,0,40 41 42 43,0,30,,2882,8,0,40 41 42 43,0,70,,5381,8,0,40 41 42 43,0,30,,71,8,0,40 41 42 43,0,70,,5382,8,0,40 41 42 43,0,30,,5388,8,0,40 41 42 43,0,70,,4859,8,0,40 41 42 43,0,30,,5386,8,0,40 41 42 43,0,70,,5395,8,0,40 41 42 43,0,30,,4235,8,0,40 41 42 43,0,70,,1602,8,0,40 41 42 43,0,30,,5392,8,0,40 41 42 43,0,70,,5383,8,0,40 41 42 43,0,30,,5400,8,0,40 41 42 43,0,70,,5404,8,0,40 41 42 43,0,30,,5405,8,0,40 41 42 43,0
101,'2',540,,5410,8,0,40 41 42 43,0,70,,5413,8,0,40 41 42 43,0,30,,5426,8,0,40 41 42 43,0,70,,4211,8,0,40 41 42 43,0,30,,5417,8,0,40 41 42 43,0,70,,5408,8,0,40 41 42 43,0,30,,5425,8,0,40 41 42 43,0,70,,5409,8,0,40 41 42 43,0,30,,5420,8,0,40 41 42 43,0,70,,5267,8,0,40 41 42 43,0,30,,5429,8,0,40 41 42 43,0,73,,5411,8,0,40 41 42 43,0,27,,5432,8,0,40 41 42 43,0,70,,3088,8,0,40 41 42 43,0,30,,5416,8,0,40 41 42 43,0,70,,5423,8,0,40 41 42 43,0,30,,5421,8,0,40 41 42 43,0,73,,5430,8,0,40 41 42 43,0,27,,3947,8,0,40 41 42 43,0,70,,5434,8,0,40 41 42 43,0,30,,3753,8,0,40 41 42 43,0,70,,5424,8,0,40 41 42 43,0,30,,5419,8,0,40 41 42 43,0,70,,5422,8,0,40 41 42 43,0,30,,2754,8,0,40 41 42 43,0,70,,3855,8,0,40 41 42 43,0,30,,5414,8,0,40 41 42 43,0,73,,5415,8,0,40 41 42 43,0,27,,5418,8,0,40 41 42 43,0,70,,5428,8,0,40 41 42 43,0,30,,5412,8,0,40 41 42 43,0,70,,5433,8,0,40 41 42 43,0,30,,4896,8,0,40 41 42 43,0,70,,4605,8,0,40 41 42 43,0,30,,3677,8,0,40 41 42 43,0,70,,3396,8,0,40 41 42 43,0,30,,5431,8,0,40 41 42 43,0
101,'3',840,,5451,8,0,40 41 42 43,0,70,,5446,8,0,40 41 42 43,0,30,,5452,8,0,40 41 42 43,0,70,,5453,8,0,40 41 42 43,0,30,,5437,8,0,40 41 42 43,0,70,,4867,8,0,40 41 42 43,0,30,,5438,8,0,40 41 42 43,0,70,,5441,8,0,40 41 42 43,0,30,,5436,8,0,40 41 42 43,0,70,,4706,8,0,40 41 42 43,0,30,,5445,8,0,40 41 42 43,0,70,,5435,8,0,40 41 42 43,0,30,,5450,8,0,40 41 42 43,0,73,,4452,8,0,40 41 42 43,0,30,,5442,8,0,40 41 42 43,0,67,,5443,8,0,40 41 42 43,0,30,,5448,8,0,40 41 42 43,0,70,,4806,8,0,40 41 42 43,0,30,,5440,8,0,40 41 42 43,0,70,,5447,8,0,40 41 42 43,0,30,,5449,8,0,40 41 42 43,0,70,,5439,8,0,40 41 42 43,0,30,,5444,8,0,40 41 42 43,0
101,'4',543,,5469,8,0,40 41 42 43,0,70,,4813,8,0,40 41 42 43,0,27,,1827,8,0,40 41 42 43,0,70,,5462,8,0,40 41 42 43,0,30,,5480,8,0,40 41 42 43,0,73,,5478,8,0,40 41 42 43,0,30,,5461,8,0,40 41 42 43,0,67,,5456,8,0,40 41 42 43,0,30,,5476,8,0,40 41 42 43,0,70,,5483,8,0,40 41 42 43,0,33,,5471,8,0,40 41 42 43,0,70,,5479,8,0,40 41 42 43,0,27,,3652,8,0,40 41 42 43,0,70,,5477,8,0,40 41 42 43,0,30,,5463,8,0,40 41 42 43,0,70,,3830,8,0,40 41 42 43,0,30,,5472,8,0,40 41 42 43,0,73,,4931,8,0,40 41 42 43,0,27,,170,8,0,40 41 42 43,0,70,,5468,8,0,40 41 42 43,0,30,,5470,8,0,40 41 42 43,0,70,,5481,8,0,40 41 42 43,0,30,,5458,8,0,40 41 42 43,0,70,,5460,8,0,40 41 42 43,0,30,,5482,8,0,40 41 42 43,0,70,,5464,8,0,40 41 42 43,0,30,,5474,8,0,40 41 42 43,0,73,,5457,8,0,40 41 42 43,0,27,,5475,8,0,40 41 42 43,0,70,,5466,8,0,40 41 42 43,0,30,,5459,8,0,40 41 42 43,0,70,,5467,8,0,40 41 42 43,0,30,,5484,8,0,40 41 42 43,0,70,,4469,8,0,40 41 42 43,0,30,,5473,8,0,40 41 42 43,0,70,,5465,8,0,40 41 42 43,0,30,,5455,8,0,40 41 42 43,0
1501,'1',606,,6678,25,0,38 2 39,0,30,,6680,25,0,38 2 39,0,70,,4375,25,0,38 2 39,0,30,,2327,25,0,38 2 39,0,70,,3728,25,0,38 2 39,0,30,,6681,25,0,38 2 39,0,70,,6669,25,0,38 2 39,0,30,,6670,25,0,38 2 39,0,70,,6675,25,0,38 2 39,0,100,,4564,25,0,38 2 39,0,100,,6683,25,0,38 2 39,0,100,,6677,25,0,38 2 39,0,100,,6672,25,0,38 2 39,0,100,,6671,25,0,38 2 39,0,30,,6682,25,0,38 2 39,0,70,,6676,25,0,38 2 39,0,30,,6673,25,0,38 2 39,0,70,,6679,25,0,38 2 39,0,30,,1574,25,0,38 2 39,0,70,,3977,25,0,38 2 39,0,30,,6674,25,0,38 2 39,0,70,,6684,25,0,38 2 39,0,100,,2654,25,0,38 2 39,0
1501,'2',606,,3154,25,0,38 2 39,0,30,,6692,25,0,38 2 39,0,70,,6691,25,0,38 2 39,0,30,,6702,25,0,38 2 39,0,70,,6689,25,0,38 2 39,0,30,,6700,25,0,38 2 39,0,70,,4836,25,0,38 2 39,0,30,,6698,25,0,38 2 39,0,70,,6693,25,0,38 2 39,0,100,,6686,25,0,38 2 39,0,100,,6690,25,0,38 2 39,0,100,,6697,25,0,38 2 39,0,100,,6695,25,0,38 2 39,0,100,,6696,25,0,38 2 39,0,30,,6701,25,0,38 2 39,0,70,,975,25,0,38 2 39,0,30,,6687,25,0,38 2 39,0,70,,6699,25,0,38 2 39,0,30,,6685,25,0,38 2 39,0,70,,5265,25,0,38 2 39,0,30,,3945,25,0,38 2 39,0,70,,6694,25,0,38 2 39,0,100,,6688,25,0,38 2 39,0
1501,'3',906,,4000,25,0,38 2 39,0,100,,6706,25,0,38 2 39,0,100,,6712,25,0,38 2 39,0,100,,6708,25,0,38 2 39,0,100,,6713,25,0,38 2 39,0,100,,6710,25,0,38 2 39,0,100,,6711,25,0,38 2 39,0,100,,6705,25,0,38 2 39,0,100,,6704,25,0,38 2 39,0,100,,6709,25,0,38 2 39,0,100,,6707,25,0,38 2 39,0,100,,6703,25,0,38 2 39,0
1501,'4',606,,6722,25,0,38 2 39,0,30,,6715,25,0,38 2 39,0,70,,432,25,0,38 2 39,0,30,,6721,25,0,38 2 39,0,70,,6728,25,0,38 2 39,0,30,,6723,25,0,38 2 39,0,70,,6725,25,0,38 2 39,0,30,,4472,25,0,38 2 39,0,70,,6714,25,0,38 2 39,0,100,,6717,25,0,38 2 39,0,100,,6724,25,0,38 2 39,0,100,,5037,25,0,38 2 39,0,100,,4023,25,0,38 2 39,0,100,,6719,25,0,38 2 39,0,30,,1658,25,0,38 2 39,0,70,,6727,25,0,38 2 39,0,30,,6726,25,0,38 2 39,0,70,,333,25,0,38 2 39,0,30,,6716,25,0,38 2 39,0,70,,6729,25,0,38 2 39,0,30,,6718,25,0,38 2 39,0,70,,6720,25,0,38 2 39,0,100,,1222,25,0,38 2 39,0
1601,'1',540,,6816,9,0,66 67,0,70,,6812,9,0,66 67,0,30,,6822,9,0,66 67,0,70,,6829,9,0,66 67,0,30,,6819,9,0,66 67,0,70,,6813,9,0,66 67,0,30,,6818,9,0,66 67,0,70,,1935,9,0,66 67,0,30,,6820,9,0,66 67,0,70,,6809,9,0,66 67,0,30,,6814,9,0,66 67,0,70,,6810,9,0,66 67,0,30,,6832,9,0,66 67,0,70,,6821,9,0,66 67,0,30,,6817,9,0,66 67,0,70,,6828,9,0,66 67,0,30,,6824,9,0,66 67,0,70,,1142,9,0,66 67,0,30,,6830,9,0,66 67,0,70,,6815,9,0,66 67,0,30,,6831,9,0,66 67,0,70,,3791,9,0,66 67,0,30,,5221,9,0,66 67,0,70,,1332,9,0,66 67,0,30,,6811,9,0,66 67,0,70,,4073,9,0,66 67,0,30,,6827,9,0,66 67,0,70,,6823,9,0,66 67,0,30,,6826,9,0,66 67,0,70,,6825,9,0,66 67,0
1601,'2',540,,6843,9,0,66 67,0,70,,6836,9,0,66 67,0,30,,6847,9,0,66 67,0,70,,4341,9,0,66 67,0,30,,6841,9,0,66 67,0,70,,6839,9,0,66 67,0,30,,6842,9,0,66 67,0,70,,6851,9,0,66 67,0,30,,6834,9,0,66 67,0,70,,6837,9,0,66 67,0,30,,4212,9,0,66 67,0,70,,4898,9,0,66 67,0,30,,6846,9,0,66 67,0,70,,4493,9,0,66 67,0,30,,6850,9,0,66 67,0,70,,6835,9,0,66 67,0,30,,4488,9,0,66 67,0,70,,6852,9,0,66 67,0,30,,6848,9,0,66 67,0,70,,4217,9,0,66 67,0,30,,4352,9,0,66 67,0,70,,6838,9,0,66 67,0,30,,1063,9,0,66 67,0,70,,6840,9,0,66 67,0,30,,512,9,0,66 67,0,70,,4045,9,0,66 67,0,30,,6849,9,0,66 67,0,70,,6844,9,0,66 67,0,30,,6845,9,0,66 67,0,70,,6833,9,0,66 67,0
1601,'3',910,,6856,9,0,66 67,0,100,,6858,9,0,66 67,0,100,,6862,9,0,66 67,0,100,,6857,9,0,66 67,0,100,,6855,9,0,66 67,0,100,,6861,9,0,66 67,0,100,,6854,9,0,66 67,0,100,,5137,9,0,66 67,0,100,,6863,9,0,66 67,0,100,,6860,9,0,66 67,0,100,,6859,9,0,66 67,0,100,,6853,9,0,66 67,0
1601,'4',540,,6866,9,0,66 67,0,70,,6872,9,0,66 67,0,30,,6868,9,0,66 67,0,70,,6871,9,0,66 67,0,30,,6875,9,0,66 67,0,70,,4401,9,0,66 67,0,30,,3359,9,0,66 67,0,70,,4096,9,0,66 67,0,30,,6874,9,0,66 67,0,70,,6864,9,0,66 67,0,30,,6869,9,0,66 67,0,70,,2372,9,0,66 67,0,30,,6879,9,0,66 67,0,70,,6867,9,0,66 67,0,30,,4821,9,0,66 67,0,70,,6876,9,0,66 67,0,30,,4022,9,0,66 67,0,70,,6870,9,0,66 67,0,30,,4655,9,0,66 67,0,70,,6873,9,0,66 67,0,30,,5147,9,0,66 67,0,70,,6865,9,0,66 67,0,30,,3828,9,0,66 67,0,70,,6882,9,0,66 67,0,30,,6881,9,0,66 67,0,70,,4254,9,0,66 67,0,30,,4604,9,0,66 67,0,70,,6877,9,0,66 67,0,30,,6880,9,0,66 67,0,70,,6878,9,0,66 67,0
11201,'1',801,,214,29,,,0
13201,'1',758,,3614,14,0,33,0
13301,'1',755,,3601,15,,,0,0,,5061,18,,,0
13901,'1',754,,6960,20,,,0
