201,'1',515,,5578,21,0,18,0,30,,5585,21,0,18,0,70,,4691,21,0,18,0,30,,5594,21,0,18,0,70,,5584,21,0,18,0,30,,5598,21,0,18,0,70,,599,21,0,18,0,30,,5599,21,0,18,0,70,,5596,21,0,18,0,30,,588,21,0,18,0,70,,5125,21,0,18,0,30,,5586,21,0,18,0,70,,5595,21,0,18,0,30,,3081,21,0,18,0,70,,4150,21,0,18,0,30,,5600,21,0,18,0,70,,5591,21,0,18,0,30,,5592,21,0,18,0,70,,4572,21,0,18,0,30,,2321,21,0,18,0,70,,5588,21,0,18,0,30,,5601,21,0,18,0,70,,5583,21,0,18,0,30,,5597,21,0,18,0,70,,5582,21,0,18,0,30,,5580,21,0,18,0,70,,5587,21,0,18,0,30,,5590,21,0,18,0,70,,2997,21,0,18,0,30,,5579,21,0,18,0,70,,5593,21,0,18,0,30,,5581,21,0,18,0,70,,5589,21,0,18,0,30,,5602,21,0,18,0,70,,5577,21,0,18,0,30,,5603,21,0,18,0
201,'2',515,,4557,21,0,18,0,30,,5623,21,0,18,0,70,,4672,21,0,18,0,30,,5630,21,0,18,0,70,,5244,21,0,18,0,30,,5611,21,0,18,0,70,,3571,21,0,18,0,30,,5616,21,0,18,0,70,,5625,21,0,18,0,30,,5629,21,0,18,0,70,,5609,21,0,18,0,30,,5627,21,0,18,0,70,,4547,21,0,18,0,30,,5617,21,0,18,0,70,,5618,21,0,18,0,30,,5621,21,0,18,0,70,,5610,21,0,18,0,30,,5615,21,0,18,0,70,,5622,21,0,18,0,30,,5619,21,0,18,0,70,,5613,21,0,18,0,30,,4273,21,0,18,0,70,,5626,21,0,18,0,30,,5628,21,0,18,0,70,,5614,21,0,18,0,30,,4028,21,0,18,0,70,,5604,21,0,18,0,30,,5605,21,0,18,0,70,,251,21,0,18,0,30,,5608,21,0,18,0,70,,5607,21,0,18,0,30,,5624,21,0,18,0,70,,3626,21,0,18,0,30,,5620,21,0,18,0,70,,5606,21,0,18,0,30,,5612,21,0,18,0
201,'3',815,,5640,21,0,18,0,30,,5633,21,0,18,0,70,,5133,21,0,18,0,30,,5645,21,0,18,0,70,,5631,21,0,18,0,30,,5136,21,0,18,0,70,,5651,21,0,18,0,30,,5635,21,0,18,0,70,,5636,21,0,18,0,30,,5634,21,0,18,0,70,,5632,21,0,18,0,30,,5647,21,0,18,0,70,,5639,21,0,18,0,30,,5650,21,0,18,0,70,,5642,21,0,18,0,30,,5638,21,0,18,0,70,,5646,21,0,18,0,30,,5644,21,0,18,0,70,,5637,21,0,18,0,30,,5649,21,0,18,0,70,,5643,21,0,18,0,30,,5648,21,0,18,0,70,,5641,21,0,18,0,30,,1538,21,0,18,0
201,'4',515,,3823,21,0,18,0,30,,5663,21,0,18,0,70,,3060,21,0,18,0,30,,5657,21,0,18,0,70,,5668,21,0,18,0,30,,5661,21,0,18,0,70,,1303,21,0,18,0,30,,5144,21,0,18,0,70,,4533,21,0,18,0,30,,5659,21,0,18,0,70,,5664,21,0,18,0,30,,5674,21,0,18,0,70,,5666,21,0,18,0,30,,5675,21,0,18,0,70,,5671,21,0,18,0,30,,5038,21,0,18,0,70,,5655,21,0,18,0,30,,5653,21,0,18,0,70,,5652,21,0,18,0,30,,2465,21,0,18,0,70,,5658,21,0,18,0,30,,5669,21,0,18,0,70,,4400,21,0,18,0,30,,5676,21,0,18,0,70,,5670,21,0,18,0,30,,5149,21,0,18,0,70,,5656,21,0,18,0,30,,5672,21,0,18,0,70,,3272,21,0,18,0,30,,4335,21,0,18,0,70,,5660,21,0,18,0,30,,5673,21,0,18,0,70,,5654,21,0,18,0,30,,5667,21,0,18,0,70,,5662,21,0,18,0,30,,5665,21,0,18,0
1500,'1',535,,6613,16,0,38 2 39,0,70,,6620,16,0,38 2 39,0,30,,6621,16,0,38 2 39,0,70,,6617,16,0,38 2 39,0,30,,6615,16,0,38 2 39,0,70,,6611,16,0,38 2 39,0,30,,4148,16,0,38 2 39,0,70,,4565,16,0,38 2 39,0,30,,6625,16,0,38 2 39,0,100,,4959,16,0,38 2 39,0,100,,6612,16,0,38 2 39,0,100,,4065,16,0,38 2 39,0,100,,6610,16,0,38 2 39,0,100,,6622,16,0,38 2 39,0,70,,6616,16,0,38 2 39,0,30,,6614,16,0,38 2 39,0,70,,6626,16,0,38 2 39,0,30,,6619,16,0,38 2 39,0,70,,6623,16,0,38 2 39,0,30,,5118,16,0,38 2 39,0,70,,927,16,0,38 2 39,0,30,,6624,16,0,38 2 39,0,100,,6618,16,0,38 2 39,0
1500,'2',535,,6634,16,0,38 2 39,0,70,,6636,16,0,38 2 39,0,30,,6635,16,0,38 2 39,0,70,,6628,16,0,38 2 39,0,30,,6632,16,0,38 2 39,0,70,,6631,16,0,38 2 39,0,30,,6630,16,0,38 2 39,0,70,,5100,16,0,38 2 39,0,30,,6629,16,0,38 2 39,0,100,,5167,16,0,38 2 39,0,100,,6639,16,0,38 2 39,0,100,,6633,16,0,38 2 39,0,100,,6637,16,0,38 2 39,0,100,,4421,16,0,38 2 39,0,70,,1790,16,0,38 2 39,0,30,,6638,16,0,38 2 39,0,70,,3847,16,0,38 2 39,0,30,,3627,16,0,38 2 39,0,70,,1069,16,0,38 2 39,0,30,,2963,16,0,38 2 39,0,70,,6640,16,0,38 2 39,0,30,,4425,16,0,38 2 39,0,100,,6627,16,0,38 2 39,0
1500,'3',835,,4868,16,0,38 2 39,0,100,,6648,16,0,38 2 39,0,100,,6642,16,0,38 2 39,0,100,,6649,16,0,38 2 39,0,100,,6643,16,0,38 2 39,0,100,,6644,16,0,38 2 39,0,100,,6650,16,0,38 2 39,0,100,,6645,16,0,38 2 39,0,100,,6646,16,0,38 2 39,0,100,,6651,16,0,38 2 39,0,100,,6641,16,0,38 2 39,0,100,,6647,16,0,38 2 39,0
1500,'4',535,,6667,16,0,38 2 39,0,70,,6657,16,0,38 2 39,0,30,,4118,16,0,38 2 39,0,70,,6660,16,0,38 2 39,0,30,,6659,16,0,38 2 39,0,70,,6655,16,0,38 2 39,0,30,,4932,16,0,38 2 39,0,70,,6664,16,0,38 2 39,0,30,,6668,16,0,38 2 39,0,100,,2914,16,0,38 2 39,0,100,,6656,16,0,38 2 39,0,100,,6652,16,0,38 2 39,0,100,,6653,16,0,38 2 39,0,100,,2865,16,0,38 2 39,0,70,,6658,16,0,38 2 39,0,30,,6662,16,0,38 2 39,0,70,,6661,16,0,38 2 39,0,30,,6666,16,0,38 2 39,0,70,,6663,16,0,38 2 39,0,30,,6654,16,0,38 2 39,0,70,,6665,16,0,38 2 39,0,30,,3821,16,0,38 2 39,0,100,,4665,16,0,38 2 39,0
13400,'1',1540,,6950,20,4,,0,5,,6951,20,4,,0
14101,'1',826,,6963,17,,,0
