1100,'1',548,,3142,24,0,5 2 6 7,0,70,,6165,24,0,5 2 6 7,0,30,,6151,24,0,5 2 6 7,0,70,,6166,24,0,5 2 6 7,0,30,,6152,24,0,5 2 6 7,0,70,,6163,24,0,5 2 6 7,0,30,,6161,24,0,5 2 6 7,0,70,,6164,24,0,5 2 6 7,0,30,,6157,24,0,5 2 6 7,0,70,,6162,24,0,5 2 6 7,0,30,,6150,24,0,5 2 6 7,0,70,,6173,24,0,5 2 6 7,0,30,,1256,24,0,5 2 6 7,0,70,,6171,24,0,5 2 6 7,0,30,,3365,24,0,5 2 6 7,0,70,,6168,24,0,5 2 6 7,0,30,,6160,24,0,5 2 6 7,0,70,,2578,24,0,5 2 6 7,0,30,,6159,24,0,5 2 6 7,0,70,,6154,24,0,5 2 6 7,0,30,,6170,24,0,5 2 6 7,0,70,,6172,24,0,5 2 6 7,0,30,,6169,24,0,5 2 6 7,0,70,,6155,24,0,5 2 6 7,0,30,,6158,24,0,5 2 6 7,0,70,,6167,24,0,5 2 6 7,0,30,,6156,24,0,5 2 6 7,0,70,,6153,24,0,5 2 6 7,0,30,,3144,24,0,5 2 6 7,0
1100,'2',548,,6175,24,0,5 2 6 7,0,70,,1799,24,0,5 2 6 7,0,30,,6181,24,0,5 2 6 7,0,70,,4897,24,0,5 2 6 7,0,30,,6185,24,0,5 2 6 7,0,70,,6188,24,0,5 2 6 7,0,30,,6182,24,0,5 2 6 7,0,70,,6184,24,0,5 2 6 7,0,30,,6191,24,0,5 2 6 7,0,70,,5206,24,0,5 2 6 7,0,30,,6178,24,0,5 2 6 7,0,70,,6176,24,0,5 2 6 7,0,30,,6174,24,0,5 2 6 7,0,70,,6187,24,0,5 2 6 7,0,30,,6190,24,0,5 2 6 7,0,70,,4218,24,0,5 2 6 7,0,30,,4487,24,0,5 2 6 7,0,70,,6186,24,0,5 2 6 7,0,30,,6183,24,0,5 2 6 7,0,70,,4410,24,0,5 2 6 7,0,30,,1512,24,0,5 2 6 7,0,70,,4686,24,0,5 2 6 7,0,30,,5165,24,0,5 2 6 7,0,70,,5204,24,0,5 2 6 7,0,30,,6189,24,0,5 2 6 7,0,70,,6177,24,0,5 2 6 7,0,30,,6180,24,0,5 2 6 7,0,70,,6179,24,0,5 2 6 7,0,30,,5196,24,0,5 2 6 7,0
1100,'3',818,,6197,24,0,5 2 6 7,0,100,,6193,24,0,5 2 6 7,0,100,,6192,24,0,5 2 6 7,0,100,,6198,24,0,5 2 6 7,0,100,,4799,24,0,5 2 6 7,0,100,,6194,24,0,5 2 6 7,0,100,,3812,24,0,5 2 6 7,0,100,,6199,24,0,5 2 6 7,0,100,,5135,24,0,5 2 6 7,0,100,,6200,24,0,5 2 6 7,0,100,,6196,24,0,5 2 6 7,0,100,,6195,24,0,5 2 6 7,0
1100,'4',548,,6216,24,0,5 2 6 7,0,70,,6210,24,0,5 2 6 7,0,30,,6203,24,0,5 2 6 7,0,70,,6201,24,0,5 2 6 7,0,30,,6217,24,0,5 2 6 7,0,70,,6207,24,0,5 2 6 7,0,30,,6213,24,0,5 2 6 7,0,70,,6211,24,0,5 2 6 7,0,30,,6219,24,0,5 2 6 7,0,70,,6209,24,0,5 2 6 7,0,30,,6204,24,0,5 2 6 7,0,70,,6208,24,0,5 2 6 7,0,30,,4327,24,0,5 2 6 7,0,70,,6202,24,0,5 2 6 7,0,30,,6206,24,0,5 2 6 7,0,70,,2920,24,0,5 2 6 7,0,30,,6205,24,0,5 2 6 7,0,70,,6218,24,0,5 2 6 7,0,30,,3707,24,0,5 2 6 7,0,70,,6215,24,0,5 2 6 7,0,30,,4536,24,0,5 2 6 7,0,70,,6221,24,0,5 2 6 7,0,30,,6214,24,0,5 2 6 7,0,70,,5089,24,0,5 2 6 7,0,30,,3482,24,0,5 2 6 7,0,70,,6223,24,0,5 2 6 7,0,30,,6212,24,0,5 2 6 7,0,70,,6222,24,0,5 2 6 7,0,30,,6220,24,0,5 2 6 7,0
13601,'1',739,,3774,10,,,0
15000,'1',1550,,6969,2,,,0
15001,'1',759,,6972,9,,,0,70,,6971,9,,,0,30,,6970,9,,,0
15100,'1',1550,,6973,2,0,20,0
15101,'1',834,,6974,25,0,75 1 76,0
15200,'1',1550,,6975,2,0,54 93 105 100 10 11,0
15201,'1',834,,4690,24,0,75 1 76,0,0,,6976,21,0,75 1 76,0
15300,'1',1550,,4962,2,0,92 106 57 3 58,0
15301,'1',834,,3880,20,0,59 60 61,0
15400,'1',1550,,6977,2,,,0
15401,'1',834,,6978,23,,,0
