1000,'1',524,,2276,9,0,32,0,30,,6006,9,0,32,0,70,,2410,9,0,32,0,30,,6002,9,0,32,0,70,,6003,9,0,32,0,30,,5996,9,0,32,0,70,,4636,9,0,32,0,30,,5994,9,0,32,0,70,,4559,9,0,32,0,30,,2809,9,0,32,0,70,,5177,9,0,32,0,30,,5999,9,0,32,0,70,,4850,9,0,32,0,30,,6004,9,0,32,0,70,,6005,9,0,32,0,30,,5993,9,0,32,0,70,,2812,9,0,32,0,30,,5998,9,0,32,0,70,,5006,9,0,32,0,30,,6008,9,0,32,0,70,,5064,9,0,32,0,30,,4157,9,0,32,0,70,,6009,9,0,32,0,30,,6001,9,0,32,0,70,,5995,9,0,32,0,30,,4563,9,0,32,0,70,,4061,9,0,32,0,30,,6000,9,0,32,0,70,,5997,9,0,32,0,30,,5992,9,0,32,0
1000,'2',524,,723,9,0,32,0,30,,2421,9,0,32,0,70,,5259,9,0,32,0,30,,6016,9,0,32,0,70,,6013,9,0,32,0,30,,6030,9,0,32,0,70,,6014,9,0,32,0,30,,6019,9,0,32,0,70,,6015,9,0,32,0,30,,6022,9,0,32,0,70,,6011,9,0,32,0,30,,4280,9,0,32,0,70,,866,9,0,32,0,30,,4609,9,0,32,0,70,,6026,9,0,32,0,30,,6027,9,0,32,0,70,,5112,9,0,32,0,30,,6028,9,0,32,0,70,,6010,9,0,32,0,30,,6023,9,0,32,0,70,,6017,9,0,32,0,30,,6029,9,0,32,0,70,,6018,9,0,32,0,30,,4895,9,0,32,0,70,,4555,9,0,32,0,30,,6012,9,0,32,0,70,,6025,9,0,32,0,30,,6024,9,0,32,0,70,,4036,9,0,32,0,30,,6021,9,0,32,0
1000,'3',824,,4381,9,0,32,0,100,,6040,9,0,32,0,100,,6036,9,0,32,0,100,,6032,9,0,32,0,100,,6039,9,0,32,0,100,,6031,9,0,32,0,100,,6033,9,0,32,0,100,,6035,9,0,32,0,100,,6037,9,0,32,0,100,,3521,9,0,32,0,100,,6038,9,0,32,0,100,,6034,9,0,32,0
1000,'4',524,,2918,9,0,32,0,30,,6045,9,0,32,0,70,,6052,9,0,32,0,30,,6041,9,0,32,0,70,,2631,9,0,32,0,30,,6060,9,0,32,0,70,,6064,9,0,32,0,30,,6044,9,0,32,0,70,,6058,9,0,32,0,30,,6059,9,0,32,0,70,,6054,9,0,32,0,30,,6066,9,0,32,0,70,,6057,9,0,32,0,30,,6063,9,0,32,0,70,,6043,9,0,32,0,30,,6047,9,0,32,0,70,,4103,9,0,32,0,30,,6056,9,0,32,0,70,,6055,9,0,32,0,30,,6048,9,0,32,0,70,,4262,9,0,32,0,30,,6067,9,0,32,0,70,,6046,9,0,32,0,30,,6053,9,0,32,0,70,,6042,9,0,32,0,30,,6049,9,0,32,0,70,,6062,9,0,32,0,30,,6051,9,0,32,0,70,,6061,9,0,32,0,30,,6065,9,0,32,0
11100,'1',1457,,6931,7,,,0
12000,'1',1600,,3974,6,0,25 26 3 27 16,0
12100,'1',1550,,6936,6,0,27 28,0
13500,'1',1529,,6953,6,0,98 99 25 26 3 25 36,0
13700,'1',1525,,6956,6,0,100 10 11 31 3 27 16,0
14001,'1',819,,6961,5,0,24,0
15001,'1',749,,6972,5,,,0,70,,6971,5,,,0,30,,6970,5,,,0
