1000,'1',537,,2276,27,0,32,0,70,,6006,27,0,32,0,30,,2410,27,0,32,0,70,,6002,27,0,32,0,30,,6003,27,0,32,0,70,,5996,27,0,32,0,30,,4636,27,0,32,0,70,,5994,27,0,32,0,30,,4559,27,0,32,0,70,,2809,27,0,32,0,30,,5177,27,0,32,0,70,,5999,27,0,32,0,30,,4850,27,0,32,0,70,,6004,27,0,32,0,30,,6005,27,0,32,0,70,,5993,27,0,32,0,30,,2812,27,0,32,0,70,,5998,27,0,32,0,30,,5006,27,0,32,0,70,,6008,27,0,32,0,30,,5064,27,0,32,0,70,,4157,27,0,32,0,30,,6009,27,0,32,0,70,,6001,27,0,32,0,30,,5995,27,0,32,0,70,,4563,27,0,32,0,30,,4061,27,0,32,0,70,,6000,27,0,32,0,30,,5997,27,0,32,0,70,,5992,27,0,32,0
1000,'2',537,,723,27,0,32,0,70,,2421,27,0,32,0,30,,5259,27,0,32,0,70,,6016,27,0,32,0,30,,6013,27,0,32,0,70,,6030,27,0,32,0,30,,6014,27,0,32,0,70,,6019,27,0,32,0,30,,6015,27,0,32,0,70,,6022,27,0,32,0,30,,6011,27,0,32,0,70,,4280,27,0,32,0,30,,866,27,0,32,0,70,,4609,27,0,32,0,30,,6026,27,0,32,0,70,,6027,27,0,32,0,30,,5112,27,0,32,0,70,,6028,27,0,32,0,30,,6010,27,0,32,0,70,,6023,27,0,32,0,30,,6017,27,0,32,0,70,,6029,27,0,32,0,30,,6018,27,0,32,0,70,,4895,27,0,32,0,30,,4555,27,0,32,0,70,,6012,27,0,32,0,30,,6025,27,0,32,0,70,,6024,27,0,32,0,30,,4036,27,0,32,0,70,,6021,27,0,32,0
1000,'3',837,,4381,27,0,32,0,100,,6040,27,0,32,0,100,,6036,27,0,32,0,100,,6032,27,0,32,0,100,,6039,27,0,32,0,100,,6031,27,0,32,0,100,,6033,27,0,32,0,100,,6035,27,0,32,0,100,,6037,27,0,32,0,100,,3521,27,0,32,0,100,,6038,27,0,32,0,100,,6034,27,0,32,0
1000,'4',537,,2918,27,0,32,0,70,,6045,27,0,32,0,30,,6052,27,0,32,0,70,,6041,27,0,32,0,30,,2631,27,0,32,0,70,,6060,27,0,32,0,30,,6064,27,0,32,0,70,,6044,27,0,32,0,30,,6058,27,0,32,0,70,,6059,27,0,32,0,30,,6054,27,0,32,0,70,,6066,27,0,32,0,30,,6057,27,0,32,0,70,,6063,27,0,32,0,30,,6043,27,0,32,0,70,,6047,27,0,32,0,30,,4103,27,0,32,0,70,,6056,27,0,32,0,30,,6055,27,0,32,0,70,,6048,27,0,32,0,30,,4262,27,0,32,0,70,,6067,27,0,32,0,30,,6046,27,0,32,0,70,,6053,27,0,32,0,30,,6042,27,0,32,0,70,,6049,27,0,32,0,30,,6062,27,0,32,0,70,,6051,27,0,32,0,30,,6061,27,0,32,0,70,,6065,27,0,32,0
12100,'1',1600,,6936,14,0,27 28,0
12101,'1',830,,6937,6,0,27 28,0
13700,'1',1536,,6956,18,0,100 10 11 31 3 27 16,0
13701,'1',740,,6957,6,0,33,0
14401,'1',814,,6968,8,0,24,0
15200,'1',1602,,6975,20,0,54 93 105 100 10 11,0
15201,'1',822,,6976,10,0,75 1 76,0
