201,'1',537,,5578,41,0,18,0,70,,5585,41,0,18,0,30,,4691,41,0,18,0,70,,5594,41,0,18,0,30,,5584,41,0,18,0,70,,5598,41,0,18,0,30,,599,41,0,18,0,70,,5599,41,0,18,0,30,,5596,41,0,18,0,70,,588,41,0,18,0,30,,5125,41,0,18,0,70,,5586,41,0,18,0,30,,5595,41,0,18,0,70,,3081,41,0,18,0,30,,4150,41,0,18,0,70,,5600,41,0,18,0,30,,5591,41,0,18,0,70,,5592,41,0,18,0,30,,4572,41,0,18,0,70,,2321,41,0,18,0,30,,5588,41,0,18,0,70,,5601,41,0,18,0,30,,5583,41,0,18,0,70,,5597,41,0,18,0,30,,5582,41,0,18,0,70,,5580,41,0,18,0,30,,5587,41,0,18,0,70,,5590,41,0,18,0,30,,2997,41,0,18,0,70,,5579,41,0,18,0,30,,5593,41,0,18,0,70,,5581,41,0,18,0,30,,5589,41,0,18,0,70,,5602,41,0,18,0,30,,5577,41,0,18,0,70,,5603,41,0,18,0
201,'2',537,,4557,41,0,18,0,70,,5623,41,0,18,0,30,,4672,41,0,18,0,70,,5630,41,0,18,0,30,,5244,41,0,18,0,70,,5611,41,0,18,0,30,,3571,41,0,18,0,70,,5616,41,0,18,0,30,,5625,41,0,18,0,70,,5629,41,0,18,0,30,,5609,41,0,18,0,70,,5627,41,0,18,0,30,,4547,41,0,18,0,70,,5617,41,0,18,0,30,,5618,41,0,18,0,70,,5621,41,0,18,0,30,,5610,41,0,18,0,70,,5615,41,0,18,0,30,,5622,41,0,18,0,70,,5619,41,0,18,0,30,,5613,41,0,18,0,70,,4273,41,0,18,0,30,,5626,41,0,18,0,70,,5628,41,0,18,0,30,,5614,41,0,18,0,70,,4028,41,0,18,0,30,,5604,41,0,18,0,70,,5605,41,0,18,0,30,,251,41,0,18,0,70,,5608,41,0,18,0,30,,5607,41,0,18,0,70,,5624,41,0,18,0,30,,3626,41,0,18,0,70,,5620,41,0,18,0,30,,5606,41,0,18,0,70,,5612,41,0,18,0
201,'3',837,,5640,41,0,18,0,70,,5633,41,0,18,0,30,,5133,41,0,18,0,70,,5645,41,0,18,0,30,,5631,41,0,18,0,70,,5136,41,0,18,0,30,,5651,41,0,18,0,70,,5635,41,0,18,0,30,,5636,41,0,18,0,70,,5634,41,0,18,0,30,,5632,41,0,18,0,70,,5647,41,0,18,0,30,,5639,41,0,18,0,70,,5650,41,0,18,0,30,,5642,41,0,18,0,70,,5638,41,0,18,0,30,,5646,41,0,18,0,70,,5644,41,0,18,0,30,,5637,41,0,18,0,70,,5649,41,0,18,0,30,,5643,41,0,18,0,70,,5648,41,0,18,0,30,,5641,41,0,18,0,70,,1538,41,0,18,0
201,'4',537,,3823,41,0,18,0,70,,5663,41,0,18,0,30,,3060,41,0,18,0,70,,5657,41,0,18,0,30,,5668,41,0,18,0,70,,5661,41,0,18,0,30,,1303,41,0,18,0,70,,5144,41,0,18,0,30,,4533,41,0,18,0,70,,5659,41,0,18,0,30,,5664,41,0,18,0,70,,5674,41,0,18,0,30,,5666,41,0,18,0,70,,5675,41,0,18,0,30,,5671,41,0,18,0,70,,5038,41,0,18,0,30,,5655,41,0,18,0,70,,5653,41,0,18,0,30,,5652,41,0,18,0,70,,2465,41,0,18,0,30,,5658,41,0,18,0,70,,5669,41,0,18,0,30,,4400,41,0,18,0,70,,5676,41,0,18,0,30,,5670,41,0,18,0,70,,5149,41,0,18,0,30,,5656,41,0,18,0,70,,5672,41,0,18,0,30,,3272,41,0,18,0,70,,4335,41,0,18,0,30,,5660,41,0,18,0,70,,5673,41,0,18,0,30,,5654,41,0,18,0,70,,5667,41,0,18,0,30,,5662,41,0,18,0,70,,5665,41,0,18,0
301,'1',535,,5748,21,0,65 2 64,0,70,,4629,21,0,65 2 64,0,30,,5759,21,0,65 2 64,0,70,,5767,21,0,65 2 64,0,30,,5753,21,0,65 2 64,0,70,,5745,21,0,65 2 64,0,30,,5770,21,0,65 2 64,0,70,,5747,21,0,65 2 64,0,30,,4500,21,0,65 2 64,0,70,,3009,21,0,65 2 64,0,30,,5746,21,0,65 2 64,0,70,,5766,21,0,65 2 64,0,30,,2239,21,0,65 2 64,0,70,,3878,21,0,65 2 64,0,30,,5749,21,0,65 2 64,0,70,,5769,21,0,65 2 64,0,30,,5755,21,0,65 2 64,0,70,,5768,21,0,65 2 64,0,30,,5752,21,0,65 2 64,0,70,,5763,21,0,65 2 64,0,30,,5758,21,0,65 2 64,0,70,,5765,21,0,65 2 64,0,30,,3190,21,0,65 2 64,0,70,,5760,21,0,65 2 64,0,30,,5757,21,0,65 2 64,0,70,,5744,21,0,65 2 64,0,30,,5756,21,0,65 2 64,0,70,,5750,21,0,65 2 64,0,30,,5762,21,0,65 2 64,0,70,,3969,21,0,65 2 64,0,30,,5761,21,0,65 2 64,0,100,,5764,21,0,65 2 64,0,100,,5754,21,0,65 2 64,0,100,,5751,21,0,65 2 64,0
301,'2',535,,5777,21,0,65 2 64,0,70,,5793,21,0,65 2 64,0,30,,5785,21,0,65 2 64,0,70,,5790,21,0,65 2 64,0,30,,5786,21,0,65 2 64,0,70,,3951,21,0,65 2 64,0,30,,5780,21,0,65 2 64,0,70,,5789,21,0,65 2 64,0,30,,5787,21,0,65 2 64,0,70,,5781,21,0,65 2 64,0,30,,5782,21,0,65 2 64,0,70,,5778,21,0,65 2 64,0,30,,5792,21,0,65 2 64,0,70,,4754,21,0,65 2 64,0,30,,5771,21,0,65 2 64,0,70,,3558,21,0,65 2 64,0,30,,4606,21,0,65 2 64,0,70,,5774,21,0,65 2 64,0,30,,5779,21,0,65 2 64,0,70,,2752,21,0,65 2 64,0,30,,5784,21,0,65 2 64,0,70,,5772,21,0,65 2 64,0,30,,3393,21,0,65 2 64,0,70,,5773,21,0,65 2 64,0,30,,4546,21,0,65 2 64,0,70,,5776,21,0,65 2 64,0,30,,5775,21,0,65 2 64,0,70,,5198,21,0,65 2 64,0,30,,4136,21,0,65 2 64,0,70,,5783,21,0,65 2 64,0,30,,5232,21,0,65 2 64,0,100,,5788,21,0,65 2 64,0,100,,5791,21,0,65 2 64,0,100,,5794,21,0,65 2 64,0
301,'3',835,,5798,21,0,65 2 64,0,100,,5805,21,0,65 2 64,0,100,,4712,21,0,65 2 64,0,100,,5797,21,0,65 2 64,0,100,,5803,21,0,65 2 64,0,100,,5802,21,0,65 2 64,0,100,,5796,21,0,65 2 64,0,100,,5801,21,0,65 2 64,0,100,,5799,21,0,65 2 64,0,100,,5804,21,0,65 2 64,0,100,,5795,21,0,65 2 64,0,100,,5800,21,0,65 2 64,0
301,'4',535,,5825,21,0,65 2 64,0,70,,567,21,0,65 2 64,0,30,,5810,21,0,65 2 64,0,70,,5820,21,0,65 2 64,0,30,,3706,21,0,65 2 64,0,70,,5808,21,0,65 2 64,0,30,,5828,21,0,65 2 64,0,70,,5830,21,0,65 2 64,0,30,,5822,21,0,65 2 64,0,70,,5833,21,0,65 2 64,0,30,,5819,21,0,65 2 64,0,70,,5812,21,0,65 2 64,0,30,,5807,21,0,65 2 64,0,70,,5816,21,0,65 2 64,0,30,,5827,21,0,65 2 64,0,70,,2111,21,0,65 2 64,0,30,,5814,21,0,65 2 64,0,70,,5811,21,0,65 2 64,0,30,,5823,21,0,65 2 64,0,70,,3046,21,0,65 2 64,0,30,,4394,21,0,65 2 64,0,70,,5826,21,0,65 2 64,0,30,,5824,21,0,65 2 64,0,70,,5831,21,0,65 2 64,0,30,,5815,21,0,65 2 64,0,70,,5829,21,0,65 2 64,0,30,,5809,21,0,65 2 64,0,70,,5832,21,0,65 2 64,0,30,,5821,21,0,65 2 64,0,70,,5813,21,0,65 2 64,0,30,,5818,21,0,65 2 64,0,100,,5806,21,0,65 2 64,0,100,,4319,21,0,65 2 64,0,100,,5817,21,0,65 2 64,0
1101,'1',549,,6236,46,0,5 2 6 7,0,70,,4633,46,0,5 2 6 7,0,30,,6228,46,0,5 2 6 7,0,70,,6239,46,0,5 2 6 7,0,30,,6232,46,0,5 2 6 7,0,70,,6244,46,0,5 2 6 7,0,30,,6246,46,0,5 2 6 7,0,70,,6230,46,0,5 2 6 7,0,30,,6231,46,0,5 2 6 7,0,70,,6245,46,0,5 2 6 7,0,30,,592,46,0,5 2 6 7,0,70,,6224,46,0,5 2 6 7,0,30,,6238,46,0,5 2 6 7,0,70,,3497,46,0,5 2 6 7,0,30,,6243,46,0,5 2 6 7,0,70,,2933,46,0,5 2 6 7,0,30,,6241,46,0,5 2 6 7,0,70,,6237,46,0,5 2 6 7,0,30,,6242,46,0,5 2 6 7,0,70,,6233,46,0,5 2 6 7,0,30,,4226,46,0,5 2 6 7,0,70,,6226,46,0,5 2 6 7,0,30,,6240,46,0,5 2 6 7,0,70,,6234,46,0,5 2 6 7,0,30,,6227,46,0,5 2 6 7,0,70,,6229,46,0,5 2 6 7,0,30,,6235,46,0,5 2 6 7,0,70,,6225,46,0,5 2 6 7,0,30,,3381,46,0,5 2 6 7,0
1101,'2',549,,6262,46,0,5 2 6 7,0,70,,6264,46,0,5 2 6 7,0,30,,6261,46,0,5 2 6 7,0,70,,5162,46,0,5 2 6 7,0,30,,6248,46,0,5 2 6 7,0,70,,6255,46,0,5 2 6 7,0,30,,6260,46,0,5 2 6 7,0,70,,6254,46,0,5 2 6 7,0,30,,5275,46,0,5 2 6 7,0,70,,6265,46,0,5 2 6 7,0,30,,4494,46,0,5 2 6 7,0,70,,6250,46,0,5 2 6 7,0,30,,6263,46,0,5 2 6 7,0,70,,4953,46,0,5 2 6 7,0,30,,6257,46,0,5 2 6 7,0,70,,6267,46,0,5 2 6 7,0,30,,5113,46,0,5 2 6 7,0,70,,3023,46,0,5 2 6 7,0,30,,2331,46,0,5 2 6 7,0,70,,6249,46,0,5 2 6 7,0,30,,6256,46,0,5 2 6 7,0,70,,6258,46,0,5 2 6 7,0,30,,4121,46,0,5 2 6 7,0,70,,6247,46,0,5 2 6 7,0,30,,6266,46,0,5 2 6 7,0,70,,6251,46,0,5 2 6 7,0,30,,6252,46,0,5 2 6 7,0,70,,6253,46,0,5 2 6 7,0,30,,6259,46,0,5 2 6 7,0
1101,'3',849,,6268,46,0,5 2 6 7,0,100,,6273,46,0,5 2 6 7,0,100,,6270,46,0,5 2 6 7,0,100,,6276,46,0,5 2 6 7,0,100,,4251,46,0,5 2 6 7,0,100,,6272,46,0,5 2 6 7,0,100,,6274,46,0,5 2 6 7,0,100,,4790,46,0,5 2 6 7,0,100,,6271,46,0,5 2 6 7,0,100,,3805,46,0,5 2 6 7,0,100,,6275,46,0,5 2 6 7,0,100,,6269,46,0,5 2 6 7,0
1101,'4',549,,6284,46,0,5 2 6 7,0,70,,6279,46,0,5 2 6 7,0,30,,2470,46,0,5 2 6 7,0,70,,1109,46,0,5 2 6 7,0,30,,3646,46,0,5 2 6 7,0,70,,6282,46,0,5 2 6 7,0,30,,6285,46,0,5 2 6 7,0,70,,6278,46,0,5 2 6 7,0,30,,6294,46,0,5 2 6 7,0,70,,4603,46,0,5 2 6 7,0,30,,6290,46,0,5 2 6 7,0,70,,6280,46,0,5 2 6 7,0,30,,1560,46,0,5 2 6 7,0,70,,6277,46,0,5 2 6 7,0,30,,6288,46,0,5 2 6 7,0,70,,6291,46,0,5 2 6 7,0,30,,3641,46,0,5 2 6 7,0,70,,6286,46,0,5 2 6 7,0,30,,6283,46,0,5 2 6 7,0,70,,4538,46,0,5 2 6 7,0,30,,6293,46,0,5 2 6 7,0,70,,6289,46,0,5 2 6 7,0,30,,5141,46,0,5 2 6 7,0,70,,3256,46,0,5 2 6 7,0,30,,3178,46,0,5 2 6 7,0,70,,6287,46,0,5 2 6 7,0,30,,4819,46,0,5 2 6 7,0,70,,6292,46,0,5 2 6 7,0,30,,6281,46,0,5 2 6 7,0
1200,'1',705,,4144,8,0,68 69,0,30,,6296,8,0,68 69,0,70,,6298,8,0,68 69,0,30,,6297,8,0,68 69,0,70,,4566,8,0,68 69,0,30,,4053,8,0,68 69,0,70,,6299,8,0,68 69,0,30,,4070,8,0,68 69,0,70,,3380,8,0,68 69,0,30,,4630,8,0,68 69,0,70,,6295,8,0,68 69,0,30,,3767,8,0,68 69,0,70,,6312,8,0,68 69,0,30,,6309,8,0,68 69,0,70,,6302,8,0,68 69,0,30,,6303,8,0,68 69,0,70,,5005,8,0,68 69,0,30,,6313,8,0,68 69,0,70,,2257,8,0,68 69,0,30,,2389,8,0,68 69,0,70,,4687,8,0,68 69,0,30,,6305,8,0,68 69,0,70,,6310,8,0,68 69,0,30,,4508,8,0,68 69,0,70,,4058,8,0,68 69,0,30,,6306,8,0,68 69,0,70,,6304,8,0,68 69,0,30,,6308,8,0,68 69,0,70,,6300,8,0,68 69,0,30,,6301,8,0,68 69,0,70,,6311,8,0,68 69,0,30,,6307,8,0,68 69,0,70,,2584,8,0,68 69,0
1200,'2',705,,4671,8,0,68 69,0,30,,6326,8,0,68 69,0,70,,6331,8,0,68 69,0,30,,6317,8,0,68 69,0,70,,861,8,0,68 69,0,30,,4350,8,0,68 69,0,70,,6324,8,0,68 69,0,30,,6333,8,0,68 69,0,70,,6323,8,0,68 69,0,30,,6314,8,0,68 69,0,70,,1806,8,0,68 69,0,30,,6316,8,0,68 69,0,70,,6321,8,0,68 69,0,30,,4215,8,0,68 69,0,70,,6328,8,0,68 69,0,30,,6320,8,0,68 69,0,70,,6330,8,0,68 69,0,30,,5238,8,0,68 69,0,70,,6332,8,0,68 69,0,30,,6327,8,0,68 69,0,70,,5199,8,0,68 69,0,30,,6334,8,0,68 69,0,70,,5277,8,0,68 69,0,30,,4120,8,0,68 69,0,70,,4490,8,0,68 69,0,30,,6319,8,0,68 69,0,70,,6315,8,0,68 69,0,30,,6325,8,0,68 69,0,70,,6329,8,0,68 69,0,30,,1956,8,0,68 69,0,70,,6322,8,0,68 69,0,30,,6318,8,0,68 69,0,70,,5163,8,0,68 69,0
1200,'3',805,,4247,8,0,68 69,0,30,,6354,8,0,68 69,0,70,,6339,8,0,68 69,0,30,,6340,8,0,68 69,0,70,,6344,8,0,68 69,0,30,,6348,8,0,68 69,0,70,,6350,8,0,68 69,0,30,,6338,8,0,68 69,0,70,,6353,8,0,68 69,0,30,,6351,8,0,68 69,0,70,,4380,8,0,68 69,0,30,,6349,8,0,68 69,0,70,,6341,8,0,68 69,0,30,,2700,8,0,68 69,0,70,,3916,8,0,68 69,0,30,,6337,8,0,68 69,0,70,,4308,8,0,68 69,0,30,,3997,8,0,68 69,0,70,,4726,8,0,68 69,0,30,,6347,8,0,68 69,0,70,,6346,8,0,68 69,0,30,,6343,8,0,68 69,0,70,,6352,8,0,68 69,0,30,,6335,8,0,68 69,0,70,,6342,8,0,68 69,0,30,,6345,8,0,68 69,0,70,,6336,8,0,68 69,0
1200,'4',705,,6366,8,0,68 69,0,30,,6370,8,0,68 69,0,70,,4743,8,0,68 69,0,30,,6372,8,0,68 69,0,70,,6363,8,0,68 69,0,30,,6362,8,0,68 69,0,70,,6359,8,0,68 69,0,30,,6365,8,0,68 69,0,70,,6374,8,0,68 69,0,30,,6378,8,0,68 69,0,70,,6367,8,0,68 69,0,30,,6355,8,0,68 69,0,70,,6357,8,0,68 69,0,30,,6368,8,0,68 69,0,70,,6380,8,0,68 69,0,30,,4182,8,0,68 69,0,70,,1670,8,0,68 69,0,30,,6375,8,0,68 69,0,70,,6376,8,0,68 69,0,30,,6356,8,0,68 69,0,70,,6361,8,0,68 69,0,30,,6358,8,0,68 69,0,70,,6371,8,0,68 69,0,30,,5029,8,0,68 69,0,70,,6379,8,0,68 69,0,30,,3712,8,0,68 69,0,70,,6360,8,0,68 69,0,30,,6377,8,0,68 69,0,70,,6364,8,0,68 69,0,30,,4464,8,0,68 69,0,70,,5040,8,0,68 69,0,30,,6373,8,0,68 69,0,70,,6369,8,0,68 69,0
