400,'1',557,,5180,36,0,21 2 22 23,0,66,,5835,36,0,21 2 22 23,0,34,,5840,36,0,21 2 22 23,0,70,,5849,36,0,21 2 22 23,0,30,,5843,36,0,21 2 22 23,0,66,,3789,36,0,21 2 22 23,0,34,,5845,36,0,21 2 22 23,0,70,,5848,36,0,21 2 22 23,0,30,,5856,36,0,21 2 22 23,0,66,,4693,36,0,21 2 22 23,0,34,,5850,36,0,21 2 22 23,0,66,,5854,36,0,21 2 22 23,0,34,,4695,36,0,21 2 22 23,0,66,,5839,36,0,21 2 22 23,0,34,,5837,36,0,21 2 22 23,0,66,,5846,36,0,21 2 22 23,0,34,,5211,36,0,21 2 22 23,0,66,,5838,36,0,21 2 22 23,0,34,,3137,36,0,21 2 22 23,0,70,,5842,36,0,21 2 22 23,0,30,,5847,36,0,21 2 22 23,0,66,,4514,36,0,21 2 22 23,0,34,,5853,36,0,21 2 22 23,0,70,,5851,36,0,21 2 22 23,0,30,,3875,36,0,21 2 22 23,0,66,,3983,36,0,21 2 22 23,0,34,,923,36,0,21 2 22 23,0,70,,5852,36,0,21 2 22 23,0,30,,5841,36,0,21 2 22 23,0,70,,5844,36,0,21 2 22 23,0,100,,5834,36,0,21 2 22 23,0,100,,5855,36,0,21 2 22 23,0,100,,3500,36,0,21 2 22 23,0
400,'2',553,,5242,36,0,21 2 22 23,0,70,,5859,36,0,21 2 22 23,0,30,,5862,36,0,21 2 22 23,0,74,,3864,36,0,21 2 22 23,0,26,,5869,36,0,21 2 22 23,0,70,,5874,36,0,21 2 22 23,0,30,,5865,36,0,21 2 22 23,0,74,,5880,36,0,21 2 22 23,0,26,,5877,36,0,21 2 22 23,0,70,,5857,36,0,21 2 22 23,0,30,,5863,36,0,21 2 22 23,0,74,,5875,36,0,21 2 22 23,0,26,,5867,36,0,21 2 22 23,0,70,,5248,36,0,21 2 22 23,0,30,,4548,36,0,21 2 22 23,0,74,,5878,36,0,21 2 22 23,0,26,,3562,36,0,21 2 22 23,0,70,,3963,36,0,21 2 22 23,0,30,,5870,36,0,21 2 22 23,0,74,,5872,36,0,21 2 22 23,0,26,,5861,36,0,21 2 22 23,0,70,,5879,36,0,21 2 22 23,0,30,,5864,36,0,21 2 22 23,0,74,,5866,36,0,21 2 22 23,0,26,,5873,36,0,21 2 22 23,0,70,,3964,36,0,21 2 22 23,0,30,,5868,36,0,21 2 22 23,0,74,,5858,36,0,21 2 22 23,0,26,,5881,36,0,21 2 22 23,0,70,,5876,36,0,21 2 22 23,0,104,,5860,36,0,21 2 22 23,0,96,,4684,36,0,21 2 22 23,0,104,,640,36,0,21 2 22 23,0
400,'3',853,,5884,36,0,21 2 22 23,0,100,,5070,36,0,21 2 22 23,0,100,,5891,36,0,21 2 22 23,0,100,,5889,36,0,21 2 22 23,0,100,,3406,36,0,21 2 22 23,0,100,,5887,36,0,21 2 22 23,0,100,,5885,36,0,21 2 22 23,0,100,,5886,36,0,21 2 22 23,0,100,,3808,36,0,21 2 22 23,0,100,,5882,36,0,21 2 22 23,0,100,,5888,36,0,21 2 22 23,0,100,,5883,36,0,21 2 22 23,0
400,'4',553,,5893,36,0,21 2 22 23,0,70,,3919,36,0,21 2 22 23,0,30,,5905,36,0,21 2 22 23,0,74,,5902,36,0,21 2 22 23,0,26,,5900,36,0,21 2 22 23,0,70,,5901,36,0,21 2 22 23,0,30,,3927,36,0,21 2 22 23,0,74,,5892,36,0,21 2 22 23,0,26,,4178,36,0,21 2 22 23,0,70,,5906,36,0,21 2 22 23,0,30,,5903,36,0,21 2 22 23,0,70,,4337,36,0,21 2 22 23,0,30,,4332,36,0,21 2 22 23,0,70,,4668,36,0,21 2 22 23,0,34,,5894,36,0,21 2 22 23,0,66,,5897,36,0,21 2 22 23,0,30,,4252,36,0,21 2 22 23,0,70,,5895,36,0,21 2 22 23,0,34,,299,36,0,21 2 22 23,0,66,,5904,36,0,21 2 22 23,0,30,,5909,36,0,21 2 22 23,0,70,,3582,36,0,21 2 22 23,0,34,,5896,36,0,21 2 22 23,0,70,,2983,36,0,21 2 22 23,0,26,,2635,36,0,21 2 22 23,0,70,,4881,36,0,21 2 22 23,0,34,,5907,36,0,21 2 22 23,0,70,,5899,36,0,21 2 22 23,0,26,,5898,36,0,21 2 22 23,0,70,,3935,36,0,21 2 22 23,0,104,,5092,36,0,21 2 22 23,0,96,,3257,36,0,21 2 22 23,0,104,,5908,36,0,21 2 22 23,0
1001,'1',535,,6082,23,0,32,0,70,,6083,23,0,32,0,30,,6088,23,0,32,0,70,,6077,23,0,32,0,30,,6085,23,0,32,0,70,,6086,23,0,32,0,30,,6080,23,0,32,0,70,,6074,23,0,32,0,30,,6081,23,0,32,0,70,,6078,23,0,32,0,30,,6072,23,0,32,0,70,,6068,23,0,32,0,30,,6073,23,0,32,0,70,,5123,23,0,32,0,30,,6070,23,0,32,0,70,,6075,23,0,32,0,30,,2649,23,0,32,0,70,,6092,23,0,32,0,30,,6089,23,0,32,0,70,,2325,23,0,32,0,30,,6071,23,0,32,0,70,,6091,23,0,32,0,30,,6076,23,0,32,0,70,,6090,23,0,32,0,30,,3495,23,0,32,0,70,,6087,23,0,32,0,30,,5229,23,0,32,0,70,,6079,23,0,32,0,30,,6084,23,0,32,0,70,,6069,23,0,32,0
1001,'2',535,,6103,23,0,32,0,70,,6111,23,0,32,0,30,,6113,23,0,32,0,70,,6097,23,0,32,0,30,,6112,23,0,32,0,70,,388,23,0,32,0,30,,6101,23,0,32,0,70,,6100,23,0,32,0,30,,6104,23,0,32,0,70,,4276,23,0,32,0,30,,4681,23,0,32,0,70,,6105,23,0,32,0,30,,6109,23,0,32,0,70,,4750,23,0,32,0,30,,5262,23,0,32,0,70,,6094,23,0,32,0,30,,4760,23,0,32,0,70,,6107,23,0,32,0,30,,6099,23,0,32,0,70,,6110,23,0,32,0,30,,2948,23,0,32,0,70,,6106,23,0,32,0,30,,1278,23,0,32,0,70,,6114,23,0,32,0,30,,6096,23,0,32,0,70,,6108,23,0,32,0,30,,6095,23,0,32,0,70,,6098,23,0,32,0,30,,6093,23,0,32,0,70,,6102,23,0,32,0
1001,'3',905,,6123,23,0,32,0,100,,6126,23,0,32,0,100,,6125,23,0,32,0,100,,6121,23,0,32,0,100,,6118,23,0,32,0,100,,6124,23,0,32,0,100,,6120,23,0,32,0,100,,6119,23,0,32,0,100,,6115,23,0,32,0,100,,6116,23,0,32,0,100,,6117,23,0,32,0,100,,6122,23,0,32,0
1001,'4',535,,4660,23,0,32,0,70,,6133,23,0,32,0,30,,6142,23,0,32,0,70,,6146,23,0,32,0,30,,6143,23,0,32,0,70,,6129,23,0,32,0,30,,6148,23,0,32,0,70,,6144,23,0,32,0,30,,159,23,0,32,0,75,,4736,23,0,32,0,25,,1996,23,0,32,0,70,,6137,23,0,32,0,30,,6139,23,0,32,0,70,,6138,23,0,32,0,30,,6140,23,0,32,0,70,,6127,23,0,32,0,30,,6141,23,0,32,0,70,,566,23,0,32,0,30,,6136,23,0,32,0,70,,6134,23,0,32,0,30,,6145,23,0,32,0,70,,6128,23,0,32,0,30,,4991,23,0,32,0,70,,6149,23,0,32,0,30,,6147,23,0,32,0,70,,6135,23,0,32,0,30,,6130,23,0,32,0,70,,6131,23,0,32,0,30,,4980,23,0,32,0,70,,6132,23,0,32,0
1100,'1',608,,3142,45,0,5 2 6 7,0,30,,6165,45,0,5 2 6 7,0,70,,6151,45,0,5 2 6 7,0,30,,6166,45,0,5 2 6 7,0,70,,6152,45,0,5 2 6 7,0,30,,6163,45,0,5 2 6 7,0,70,,6161,45,0,5 2 6 7,0,30,,6164,45,0,5 2 6 7,0,70,,6157,45,0,5 2 6 7,0,30,,6162,45,0,5 2 6 7,0,70,,6150,45,0,5 2 6 7,0,30,,6173,45,0,5 2 6 7,0,70,,1256,45,0,5 2 6 7,0,30,,6171,45,0,5 2 6 7,0,70,,3365,45,0,5 2 6 7,0,30,,6168,45,0,5 2 6 7,0,70,,6160,45,0,5 2 6 7,0,30,,2578,45,0,5 2 6 7,0,70,,6159,45,0,5 2 6 7,0,30,,6154,45,0,5 2 6 7,0,70,,6170,45,0,5 2 6 7,0,30,,6172,45,0,5 2 6 7,0,70,,6169,45,0,5 2 6 7,0,30,,6155,45,0,5 2 6 7,0,70,,6158,45,0,5 2 6 7,0,30,,6167,45,0,5 2 6 7,0,70,,6156,45,0,5 2 6 7,0,30,,6153,45,0,5 2 6 7,0,70,,3144,45,0,5 2 6 7,0
1100,'2',608,,6175,45,0,5 2 6 7,0,30,,1799,45,0,5 2 6 7,0,70,,6181,45,0,5 2 6 7,0,30,,4897,45,0,5 2 6 7,0,70,,6185,45,0,5 2 6 7,0,30,,6188,45,0,5 2 6 7,0,70,,6182,45,0,5 2 6 7,0,30,,6184,45,0,5 2 6 7,0,70,,6191,45,0,5 2 6 7,0,30,,5206,45,0,5 2 6 7,0,70,,6178,45,0,5 2 6 7,0,30,,6176,45,0,5 2 6 7,0,70,,6174,45,0,5 2 6 7,0,30,,6187,45,0,5 2 6 7,0,70,,6190,45,0,5 2 6 7,0,30,,4218,45,0,5 2 6 7,0,70,,4487,45,0,5 2 6 7,0,30,,6186,45,0,5 2 6 7,0,70,,6183,45,0,5 2 6 7,0,30,,4410,45,0,5 2 6 7,0,70,,1512,45,0,5 2 6 7,0,30,,4686,45,0,5 2 6 7,0,70,,5165,45,0,5 2 6 7,0,30,,5204,45,0,5 2 6 7,0,70,,6189,45,0,5 2 6 7,0,30,,6177,45,0,5 2 6 7,0,70,,6180,45,0,5 2 6 7,0,30,,6179,45,0,5 2 6 7,0,70,,5196,45,0,5 2 6 7,0
1100,'3',838,,6197,45,0,5 2 6 7,0,100,,6193,45,0,5 2 6 7,0,100,,6192,45,0,5 2 6 7,0,100,,6198,45,0,5 2 6 7,0,100,,4799,45,0,5 2 6 7,0,100,,6194,45,0,5 2 6 7,0,100,,3812,45,0,5 2 6 7,0,100,,6199,45,0,5 2 6 7,0,100,,5135,45,0,5 2 6 7,0,100,,6200,45,0,5 2 6 7,0,100,,6196,45,0,5 2 6 7,0,100,,6195,45,0,5 2 6 7,0
1100,'4',608,,6216,45,0,5 2 6 7,0,30,,6210,45,0,5 2 6 7,0,70,,6203,45,0,5 2 6 7,0,30,,6201,45,0,5 2 6 7,0,70,,6217,45,0,5 2 6 7,0,30,,6207,45,0,5 2 6 7,0,70,,6213,45,0,5 2 6 7,0,30,,6211,45,0,5 2 6 7,0,70,,6219,45,0,5 2 6 7,0,30,,6209,45,0,5 2 6 7,0,70,,6204,45,0,5 2 6 7,0,30,,6208,45,0,5 2 6 7,0,70,,4327,45,0,5 2 6 7,0,30,,6202,45,0,5 2 6 7,0,70,,6206,45,0,5 2 6 7,0,30,,2920,45,0,5 2 6 7,0,70,,6205,45,0,5 2 6 7,0,30,,6218,45,0,5 2 6 7,0,70,,3707,45,0,5 2 6 7,0,30,,6215,45,0,5 2 6 7,0,70,,4536,45,0,5 2 6 7,0,30,,6221,45,0,5 2 6 7,0,70,,6214,45,0,5 2 6 7,0,30,,5089,45,0,5 2 6 7,0,70,,3482,45,0,5 2 6 7,0,30,,6223,45,0,5 2 6 7,0,70,,6212,45,0,5 2 6 7,0,30,,6222,45,0,5 2 6 7,0,70,,6220,45,0,5 2 6 7,0
11101,'1',758,,4966,21,,,0
14000,'1',1607,,5008,11,0,24,0
15000,'1',1606,,6969,14,,,0
