300,'1',552,,5681,7,0,65 2 64,0,70,,5188,7,0,65 2 64,0,30,,5678,7,0,65 2 64,0,70,,5682,7,0,65 2 64,0,30,,5689,7,0,65 2 64,0,70,,5690,7,0,65 2 64,0,30,,4960,7,0,65 2 64,0,70,,3294,7,0,65 2 64,0,30,,5680,7,0,65 2 64,0,70,,2807,7,0,65 2 64,0,30,,2122,7,0,65 2 64,0,70,,2289,7,0,65 2 64,0,30,,2482,7,0,65 2 64,0,70,,5688,7,0,65 2 64,0,30,,5686,7,0,65 2 64,0,70,,5693,7,0,65 2 64,0,30,,3978,7,0,65 2 64,0,70,,2283,7,0,65 2 64,0,30,,5684,7,0,65 2 64,0,70,,5194,7,0,65 2 64,0,30,,5677,7,0,65 2 64,0,70,,3879,7,0,65 2 64,0,30,,5679,7,0,65 2 64,0,70,,5691,7,0,65 2 64,0,30,,5685,7,0,65 2 64,0,70,,2484,7,0,65 2 64,0,30,,2134,7,0,65 2 64,0,70,,5683,7,0,65 2 64,0,30,,2931,7,0,65 2 64,0,100,,5692,7,0,65 2 64,0,100,,4496,7,0,65 2 64,0,100,,5687,7,0,65 2 64,0
300,'2',552,,2509,7,0,65 2 64,0,70,,2885,7,0,65 2 64,0,30,,4129,7,0,65 2 64,0,70,,5711,7,0,65 2 64,0,30,,5697,7,0,65 2 64,0,70,,5703,7,0,65 2 64,0,30,,3861,7,0,65 2 64,0,70,,4748,7,0,65 2 64,0,30,,3229,7,0,65 2 64,0,70,,5706,7,0,65 2 64,0,30,,5704,7,0,65 2 64,0,70,,4033,7,0,65 2 64,0,30,,5695,7,0,65 2 64,0,70,,5709,7,0,65 2 64,0,30,,2767,7,0,65 2 64,0,70,,5705,7,0,65 2 64,0,30,,5701,7,0,65 2 64,0,70,,4424,7,0,65 2 64,0,30,,5698,7,0,65 2 64,0,70,,5702,7,0,65 2 64,0,30,,5707,7,0,65 2 64,0,70,,5699,7,0,65 2 64,0,30,,4039,7,0,65 2 64,0,70,,5708,7,0,65 2 64,0,30,,3754,7,0,65 2 64,0,70,,4138,7,0,65 2 64,0,30,,123,7,0,65 2 64,0,70,,5710,7,0,65 2 64,0,30,,5696,7,0,65 2 64,0,100,,5694,7,0,65 2 64,0,100,,3097,7,0,65 2 64,0,100,,5700,7,0,65 2 64,0
300,'3',852,,5721,7,0,65 2 64,0,100,,5712,7,0,65 2 64,0,100,,2973,7,0,65 2 64,0,100,,5713,7,0,65 2 64,0,100,,5722,7,0,65 2 64,0,100,,5716,7,0,65 2 64,0,100,,5720,7,0,65 2 64,0,100,,5718,7,0,65 2 64,0,100,,5715,7,0,65 2 64,0,100,,5714,7,0,65 2 64,0,100,,5719,7,0,65 2 64,0,100,,5717,7,0,65 2 64,0
300,'4',552,,3920,7,0,65 2 64,0,70,,5735,7,0,65 2 64,0,30,,5731,7,0,65 2 64,0,70,,4338,7,0,65 2 64,0,30,,3834,7,0,65 2 64,0,70,,4013,7,0,65 2 64,0,30,,5732,7,0,65 2 64,0,70,,5724,7,0,65 2 64,0,30,,5742,7,0,65 2 64,0,70,,5738,7,0,65 2 64,0,30,,5741,7,0,65 2 64,0,70,,4404,7,0,65 2 64,0,30,,5740,7,0,65 2 64,0,70,,3926,7,0,65 2 64,0,30,,5727,7,0,65 2 64,0,70,,5739,7,0,65 2 64,0,30,,5726,7,0,65 2 64,0,70,,5737,7,0,65 2 64,0,30,,5725,7,0,65 2 64,0,70,,5743,7,0,65 2 64,0,30,,4659,7,0,65 2 64,0,70,,5729,7,0,65 2 64,0,30,,5736,7,0,65 2 64,0,70,,5723,7,0,65 2 64,0,30,,5734,7,0,65 2 64,0,70,,2862,7,0,65 2 64,0,30,,5730,7,0,65 2 64,0,70,,5733,7,0,65 2 64,0,30,,5728,7,0,65 2 64,0,100,,3177,7,0,65 2 64,0,100,,4388,7,0,65 2 64,0,100,,4741,7,0,65 2 64,0
301,'1',528,,5748,15,0,65 2 64,0,30,,4629,15,0,65 2 64,0,70,,5759,15,0,65 2 64,0,30,,5767,15,0,65 2 64,0,70,,5753,15,0,65 2 64,0,30,,5745,15,0,65 2 64,0,70,,5770,15,0,65 2 64,0,30,,5747,15,0,65 2 64,0,70,,4500,15,0,65 2 64,0,30,,3009,15,0,65 2 64,0,70,,5746,15,0,65 2 64,0,30,,5766,15,0,65 2 64,0,70,,2239,15,0,65 2 64,0,30,,3878,15,0,65 2 64,0,70,,5749,15,0,65 2 64,0,30,,5769,15,0,65 2 64,0,70,,5755,15,0,65 2 64,0,30,,5768,15,0,65 2 64,0,70,,5752,15,0,65 2 64,0,30,,5763,15,0,65 2 64,0,70,,5758,15,0,65 2 64,0,30,,5765,15,0,65 2 64,0,70,,3190,15,0,65 2 64,0,30,,5760,15,0,65 2 64,0,70,,5757,15,0,65 2 64,0,30,,5744,15,0,65 2 64,0,70,,5756,15,0,65 2 64,0,30,,5750,15,0,65 2 64,0,70,,5762,15,0,65 2 64,0,30,,3969,15,0,65 2 64,0,70,,5761,15,0,65 2 64,0,100,,5764,15,0,65 2 64,0,100,,5754,15,0,65 2 64,0,100,,5751,15,0,65 2 64,0
301,'2',528,,5777,15,0,65 2 64,0,30,,5793,15,0,65 2 64,0,70,,5785,15,0,65 2 64,0,30,,5790,15,0,65 2 64,0,70,,5786,15,0,65 2 64,0,30,,3951,15,0,65 2 64,0,70,,5780,15,0,65 2 64,0,30,,5789,15,0,65 2 64,0,70,,5787,15,0,65 2 64,0,30,,5781,15,0,65 2 64,0,70,,5782,15,0,65 2 64,0,30,,5778,15,0,65 2 64,0,70,,5792,15,0,65 2 64,0,30,,4754,15,0,65 2 64,0,70,,5771,15,0,65 2 64,0,30,,3558,15,0,65 2 64,0,70,,4606,15,0,65 2 64,0,30,,5774,15,0,65 2 64,0,70,,5779,15,0,65 2 64,0,30,,2752,15,0,65 2 64,0,70,,5784,15,0,65 2 64,0,30,,5772,15,0,65 2 64,0,70,,3393,15,0,65 2 64,0,30,,5773,15,0,65 2 64,0,70,,4546,15,0,65 2 64,0,30,,5776,15,0,65 2 64,0,70,,5775,15,0,65 2 64,0,30,,5198,15,0,65 2 64,0,70,,4136,15,0,65 2 64,0,30,,5783,15,0,65 2 64,0,70,,5232,15,0,65 2 64,0,100,,5788,15,0,65 2 64,0,100,,5791,15,0,65 2 64,0,100,,5794,15,0,65 2 64,0
301,'3',828,,5798,15,0,65 2 64,0,100,,5805,15,0,65 2 64,0,100,,4712,15,0,65 2 64,0,100,,5797,15,0,65 2 64,0,100,,5803,15,0,65 2 64,0,100,,5802,15,0,65 2 64,0,100,,5796,15,0,65 2 64,0,100,,5801,15,0,65 2 64,0,100,,5799,15,0,65 2 64,0,100,,5804,15,0,65 2 64,0,100,,5795,15,0,65 2 64,0,100,,5800,15,0,65 2 64,0
301,'4',528,,5825,15,0,65 2 64,0,30,,567,15,0,65 2 64,0,70,,5810,15,0,65 2 64,0,30,,5820,15,0,65 2 64,0,70,,3706,15,0,65 2 64,0,30,,5808,15,0,65 2 64,0,70,,5828,15,0,65 2 64,0,30,,5830,15,0,65 2 64,0,70,,5822,15,0,65 2 64,0,30,,5833,15,0,65 2 64,0,70,,5819,15,0,65 2 64,0,30,,5812,15,0,65 2 64,0,70,,5807,15,0,65 2 64,0,30,,5816,15,0,65 2 64,0,70,,5827,15,0,65 2 64,0,30,,2111,15,0,65 2 64,0,70,,5814,15,0,65 2 64,0,30,,5811,15,0,65 2 64,0,70,,5823,15,0,65 2 64,0,30,,3046,15,0,65 2 64,0,70,,4394,15,0,65 2 64,0,30,,5826,15,0,65 2 64,0,70,,5824,15,0,65 2 64,0,30,,5831,15,0,65 2 64,0,70,,5815,15,0,65 2 64,0,30,,5829,15,0,65 2 64,0,70,,5809,15,0,65 2 64,0,30,,5832,15,0,65 2 64,0,70,,5821,15,0,65 2 64,0,30,,5813,15,0,65 2 64,0,70,,5818,15,0,65 2 64,0,100,,5806,15,0,65 2 64,0,100,,4319,15,0,65 2 64,0,100,,5817,15,0,65 2 64,0
1300,'1',522,,6496,6,0,63 11 2 64 2 20,0,30,,6485,6,0,63 11 2 64 2 20,0,70,,6488,6,0,63 11 2 64 2 20,0,30,,6497,6,0,63 11 2 64 2 20,0,70,,4370,6,0,63 11 2 64 2 20,0,30,,6492,6,0,63 11 2 64 2 20,0,70,,2574,6,0,63 11 2 64 2 20,0,30,,6487,6,0,63 11 2 64 2 20,0,70,,4441,6,0,63 11 2 64 2 20,0,30,,6498,6,0,63 11 2 64 2 20,0,70,,6495,6,0,63 11 2 64 2 20,0,100,,6494,6,0,63 11 2 64 2 20,0,100,,6493,6,0,63 11 2 64 2 20,0,100,,6486,6,0,63 11 2 64 2 20,0,100,,6484,6,0,63 11 2 64 2 20,0,100,,2736,6,0,63 11 2 64 2 20,0,30,,6491,6,0,63 11 2 64 2 20,0,70,,4778,6,0,63 11 2 64 2 20,0,30,,6490,6,0,63 11 2 64 2 20,0,70,,6500,6,0,63 11 2 64 2 20,0,30,,6499,6,0,63 11 2 64 2 20,0,70,,6489,6,0,63 11 2 64 2 20,0,30,,2405,6,0,63 11 2 64 2 20,0,70,,3499,6,0,63 11 2 64 2 20,0,30,,6483,6,0,63 11 2 64 2 20,0
1300,'2',522,,6515,6,0,63 11 2 64 2 20,0,30,,6508,6,0,63 11 2 64 2 20,0,70,,6511,6,0,63 11 2 64 2 20,0,30,,6512,6,0,63 11 2 64 2 20,0,70,,3939,6,0,63 11 2 64 2 20,0,30,,6502,6,0,63 11 2 64 2 20,0,70,,6507,6,0,63 11 2 64 2 20,0,30,,6517,6,0,63 11 2 64 2 20,0,70,,4675,6,0,63 11 2 64 2 20,0,30,,4277,6,0,63 11 2 64 2 20,0,70,,6509,6,0,63 11 2 64 2 20,0,100,,6516,6,0,63 11 2 64 2 20,0,100,,6504,6,0,63 11 2 64 2 20,0,100,,6506,6,0,63 11 2 64 2 20,0,100,,4611,6,0,63 11 2 64 2 20,0,100,,6513,6,0,63 11 2 64 2 20,0,30,,4035,6,0,63 11 2 64 2 20,0,70,,6518,6,0,63 11 2 64 2 20,0,30,,6501,6,0,63 11 2 64 2 20,0,70,,6514,6,0,63 11 2 64 2 20,0,30,,4617,6,0,63 11 2 64 2 20,0,70,,6510,6,0,63 11 2 64 2 20,0,30,,6503,6,0,63 11 2 64 2 20,0,70,,6505,6,0,63 11 2 64 2 20,0,30,,101,6,0,63 11 2 64 2 20,0
1300,'3',852,,6527,6,0,63 11 2 64 2 20,0,100,,6525,6,0,63 11 2 64 2 20,0,100,,6522,6,0,63 11 2 64 2 20,0,100,,6526,6,0,63 11 2 64 2 20,0,100,,6523,6,0,63 11 2 64 2 20,0,100,,6528,6,0,63 11 2 64 2 20,0,100,,6519,6,0,63 11 2 64 2 20,0,100,,4092,6,0,63 11 2 64 2 20,0,100,,6524,6,0,63 11 2 64 2 20,0,100,,6520,6,0,63 11 2 64 2 20,0,100,,6521,6,0,63 11 2 64 2 20,0,100,,4796,6,0,63 11 2 64 2 20,0
1300,'4',522,,5033,6,0,63 11 2 64 2 20,0,30,,6538,6,0,63 11 2 64 2 20,0,70,,6540,6,0,63 11 2 64 2 20,0,30,,3127,6,0,63 11 2 64 2 20,0,70,,3938,6,0,63 11 2 64 2 20,0,30,,4602,6,0,63 11 2 64 2 20,0,70,,6541,6,0,63 11 2 64 2 20,0,30,,3541,6,0,63 11 2 64 2 20,0,70,,4014,6,0,63 11 2 64 2 20,0,30,,6530,6,0,63 11 2 64 2 20,0,70,,6543,6,0,63 11 2 64 2 20,0,100,,6542,6,0,63 11 2 64 2 20,0,100,,6529,6,0,63 11 2 64 2 20,0,100,,2856,6,0,63 11 2 64 2 20,0,100,,6537,6,0,63 11 2 64 2 20,0,100,,6536,6,0,63 11 2 64 2 20,0,30,,6539,6,0,63 11 2 64 2 20,0,70,,6535,6,0,63 11 2 64 2 20,0,30,,6533,6,0,63 11 2 64 2 20,0,70,,6544,6,0,63 11 2 64 2 20,0,30,,6534,6,0,63 11 2 64 2 20,0,70,,448,6,0,63 11 2 64 2 20,0,30,,4402,6,0,63 11 2 64 2 20,0,70,,6532,6,0,63 11 2 64 2 20,0,30,,6531,6,0,63 11 2 64 2 20,0
