101,'1',524,,5385,12,0,40 41 42 43,0,30,,480,20,0,40 41 42 43,0,70,,4064,20,0,40 41 42 43,0,30,,4372,20,0,40 41 42 43,0,70,,3886,20,0,40 41 42 43,0,30,,5396,20,0,40 41 42 43,0,70,,1462,20,0,40 41 42 43,0,30,,5399,20,0,40 41 42 43,0,70,,5390,20,0,40 41 42 43,0,30,,5398,20,0,40 41 42 43,0,70,,5394,20,0,40 41 42 43,0,30,,5397,20,0,40 41 42 43,0,70,,5402,20,0,40 41 42 43,0,30,,5403,20,0,40 41 42 43,0,70,,5407,20,0,40 41 42 43,0,30,,5391,20,0,40 41 42 43,0,70,,5389,20,0,40 41 42 43,0,30,,5387,20,0,40 41 42 43,0,70,,5014,20,0,40 41 42 43,0,30,,5401,20,0,40 41 42 43,0,70,,5384,20,0,40 41 42 43,0,30,,5393,20,0,40 41 42 43,0,70,,5406,20,0,40 41 42 43,0,30,,2882,20,0,40 41 42 43,0,70,,5381,20,0,40 41 42 43,0,30,,71,20,0,40 41 42 43,0,70,,5382,20,0,40 41 42 43,0,30,,5388,20,0,40 41 42 43,0,70,,4859,20,0,40 41 42 43,0,30,,5386,20,0,40 41 42 43,0,70,,5395,20,0,40 41 42 43,0,30,,4235,20,0,40 41 42 43,0,70,,1602,20,0,40 41 42 43,0,30,,5392,20,0,40 41 42 43,0,70,,5383,20,0,40 41 42 43,0,30,,5400,20,0,40 41 42 43,0,70,,5404,20,0,40 41 42 43,0
101,'2',524,,5427,12,0,40 41 42 43,0,30,,5410,20,0,40 41 42 43,0,70,,5413,20,0,40 41 42 43,0,30,,5426,20,0,40 41 42 43,0,70,,4211,20,0,40 41 42 43,0,30,,5417,20,0,40 41 42 43,0,70,,5408,20,0,40 41 42 43,0,30,,5425,20,0,40 41 42 43,0,70,,5409,20,0,40 41 42 43,0,30,,5420,20,0,40 41 42 43,0,70,,5267,20,0,40 41 42 43,0,30,,5429,20,0,40 41 42 43,0,70,,5411,20,0,40 41 42 43,0,30,,5432,20,0,40 41 42 43,0,70,,3088,20,0,40 41 42 43,0,30,,5416,20,0,40 41 42 43,0,70,,5423,20,0,40 41 42 43,0,30,,5421,20,0,40 41 42 43,0,70,,5430,20,0,40 41 42 43,0,30,,3947,20,0,40 41 42 43,0,70,,5434,20,0,40 41 42 43,0,30,,3753,20,0,40 41 42 43,0,70,,5424,20,0,40 41 42 43,0,30,,5419,20,0,40 41 42 43,0,70,,5422,20,0,40 41 42 43,0,30,,2754,20,0,40 41 42 43,0,70,,3855,20,0,40 41 42 43,0,30,,5414,20,0,40 41 42 43,0,70,,5415,20,0,40 41 42 43,0,30,,5418,20,0,40 41 42 43,0,70,,5428,20,0,40 41 42 43,0,30,,5412,20,0,40 41 42 43,0,70,,5433,20,0,40 41 42 43,0,30,,4896,20,0,40 41 42 43,0,70,,4605,20,0,40 41 42 43,0,30,,3677,20,0,40 41 42 43,0,70,,3396,20,0,40 41 42 43,0
101,'3',824,,4871,12,0,40 41 42 43,0,30,,5451,20,0,40 41 42 43,0,70,,5446,20,0,40 41 42 43,0,30,,5452,20,0,40 41 42 43,0,70,,5453,20,0,40 41 42 43,0,30,,5437,20,0,40 41 42 43,0,70,,4867,20,0,40 41 42 43,0,30,,5438,20,0,40 41 42 43,0,70,,5441,20,0,40 41 42 43,0,30,,5436,20,0,40 41 42 43,0,70,,4706,20,0,40 41 42 43,0,30,,5445,20,0,40 41 42 43,0,70,,5435,20,0,40 41 42 43,0,30,,5450,20,0,40 41 42 43,0,70,,4452,20,0,40 41 42 43,0,30,,5442,20,0,40 41 42 43,0,70,,5443,20,0,40 41 42 43,0,30,,5448,20,0,40 41 42 43,0,70,,4806,20,0,40 41 42 43,0,30,,5440,20,0,40 41 42 43,0,70,,5447,20,0,40 41 42 43,0,30,,5449,20,0,40 41 42 43,0,70,,5439,20,0,40 41 42 43,0,30,,5444,20,0,40 41 42 43,0
101,'4',524,,5454,12,0,40 41 42 43,0,30,,5469,20,0,40 41 42 43,0,70,,4813,20,0,40 41 42 43,0,30,,1827,20,0,40 41 42 43,0,70,,5462,20,0,40 41 42 43,0,30,,5480,20,0,40 41 42 43,0,70,,5478,20,0,40 41 42 43,0,30,,5461,20,0,40 41 42 43,0,70,,5456,20,0,40 41 42 43,0,30,,5476,20,0,40 41 42 43,0,70,,5483,20,0,40 41 42 43,0,30,,5471,20,0,40 41 42 43,0,70,,5479,20,0,40 41 42 43,0,30,,3652,20,0,40 41 42 43,0,70,,5477,20,0,40 41 42 43,0,30,,5463,20,0,40 41 42 43,0,70,,3830,20,0,40 41 42 43,0,30,,5472,20,0,40 41 42 43,0,70,,4931,20,0,40 41 42 43,0,30,,170,20,0,40 41 42 43,0,70,,5468,20,0,40 41 42 43,0,30,,5470,20,0,40 41 42 43,0,70,,5481,20,0,40 41 42 43,0,30,,5458,20,0,40 41 42 43,0,70,,5460,20,0,40 41 42 43,0,30,,5482,20,0,40 41 42 43,0,70,,5464,20,0,40 41 42 43,0,30,,5474,20,0,40 41 42 43,0,70,,5457,20,0,40 41 42 43,0,30,,5475,20,0,40 41 42 43,0,70,,5466,20,0,40 41 42 43,0,30,,5459,20,0,40 41 42 43,0,70,,5467,20,0,40 41 42 43,0,30,,5484,20,0,40 41 42 43,0,70,,4469,20,0,40 41 42 43,0,30,,5473,20,0,40 41 42 43,0,70,,5465,20,0,40 41 42 43,0
400,'1',525,,5180,7,0,21 2 22 23,0,30,,5835,7,0,21 2 22 23,0,70,,5840,7,0,21 2 22 23,0,30,,5849,7,0,21 2 22 23,0,70,,5843,7,0,21 2 22 23,0,30,,3789,7,0,21 2 22 23,0,70,,5845,7,0,21 2 22 23,0,30,,5848,7,0,21 2 22 23,0,70,,5856,7,0,21 2 22 23,0,30,,4693,7,0,21 2 22 23,0,70,,5850,7,0,21 2 22 23,0,30,,5854,7,0,21 2 22 23,0,70,,4695,7,0,21 2 22 23,0,30,,5839,7,0,21 2 22 23,0,70,,5837,7,0,21 2 22 23,0,30,,5846,7,0,21 2 22 23,0,70,,5211,7,0,21 2 22 23,0,30,,5838,7,0,21 2 22 23,0,70,,3137,7,0,21 2 22 23,0,30,,5842,7,0,21 2 22 23,0,70,,5847,7,0,21 2 22 23,0,30,,4514,7,0,21 2 22 23,0,70,,5853,7,0,21 2 22 23,0,30,,5851,7,0,21 2 22 23,0,70,,3875,7,0,21 2 22 23,0,30,,3983,7,0,21 2 22 23,0,70,,923,7,0,21 2 22 23,0,30,,5852,7,0,21 2 22 23,0,70,,5841,7,0,21 2 22 23,0,30,,5844,7,0,21 2 22 23,0,100,,5834,7,0,21 2 22 23,0,100,,5855,7,0,21 2 22 23,0,100,,3500,7,0,21 2 22 23,0
400,'2',525,,5242,7,0,21 2 22 23,0,30,,5859,7,0,21 2 22 23,0,70,,5862,7,0,21 2 22 23,0,30,,3864,7,0,21 2 22 23,0,70,,5869,7,0,21 2 22 23,0,30,,5874,7,0,21 2 22 23,0,70,,5865,7,0,21 2 22 23,0,30,,5880,7,0,21 2 22 23,0,70,,5877,7,0,21 2 22 23,0,30,,5857,7,0,21 2 22 23,0,70,,5863,7,0,21 2 22 23,0,30,,5875,7,0,21 2 22 23,0,70,,5867,7,0,21 2 22 23,0,30,,5248,7,0,21 2 22 23,0,70,,4548,7,0,21 2 22 23,0,30,,5878,7,0,21 2 22 23,0,70,,3562,7,0,21 2 22 23,0,30,,3963,7,0,21 2 22 23,0,70,,5870,7,0,21 2 22 23,0,30,,5872,7,0,21 2 22 23,0,70,,5861,7,0,21 2 22 23,0,30,,5879,7,0,21 2 22 23,0,70,,5864,7,0,21 2 22 23,0,30,,5866,7,0,21 2 22 23,0,70,,5873,7,0,21 2 22 23,0,30,,3964,7,0,21 2 22 23,0,70,,5868,7,0,21 2 22 23,0,30,,5858,7,0,21 2 22 23,0,70,,5881,7,0,21 2 22 23,0,30,,5876,7,0,21 2 22 23,0,100,,5860,7,0,21 2 22 23,0,100,,4684,7,0,21 2 22 23,0,100,,640,7,0,21 2 22 23,0
400,'3',825,,5884,7,0,21 2 22 23,0,100,,5070,7,0,21 2 22 23,0,100,,5891,7,0,21 2 22 23,0,100,,5889,7,0,21 2 22 23,0,100,,3406,7,0,21 2 22 23,0,100,,5887,7,0,21 2 22 23,0,100,,5885,7,0,21 2 22 23,0,100,,5886,7,0,21 2 22 23,0,100,,3808,7,0,21 2 22 23,0,100,,5882,7,0,21 2 22 23,0,100,,5888,7,0,21 2 22 23,0,100,,5883,7,0,21 2 22 23,0
400,'4',525,,5893,7,0,21 2 22 23,0,30,,3919,7,0,21 2 22 23,0,70,,5905,7,0,21 2 22 23,0,30,,5902,7,0,21 2 22 23,0,70,,5900,7,0,21 2 22 23,0,30,,5901,7,0,21 2 22 23,0,70,,3927,7,0,21 2 22 23,0,30,,5892,7,0,21 2 22 23,0,70,,4178,7,0,21 2 22 23,0,30,,5906,7,0,21 2 22 23,0,70,,5903,7,0,21 2 22 23,0,30,,4337,7,0,21 2 22 23,0,70,,4332,7,0,21 2 22 23,0,30,,4668,7,0,21 2 22 23,0,70,,5894,7,0,21 2 22 23,0,30,,5897,7,0,21 2 22 23,0,70,,4252,7,0,21 2 22 23,0,30,,5895,7,0,21 2 22 23,0,70,,299,7,0,21 2 22 23,0,30,,5904,7,0,21 2 22 23,0,70,,5909,7,0,21 2 22 23,0,30,,3582,7,0,21 2 22 23,0,70,,5896,7,0,21 2 22 23,0,30,,2983,7,0,21 2 22 23,0,70,,2635,7,0,21 2 22 23,0,30,,4881,7,0,21 2 22 23,0,70,,5907,7,0,21 2 22 23,0,30,,5899,7,0,21 2 22 23,0,70,,5898,7,0,21 2 22 23,0,30,,3935,7,0,21 2 22 23,0,100,,5092,7,0,21 2 22 23,0,100,,3257,7,0,21 2 22 23,0,100,,5908,7,0,21 2 22 23,0
1100,'1',528,,3142,3,0,5 2 6 7,0,30,,6165,3,0,5 2 6 7,0,70,,6151,3,0,5 2 6 7,0,30,,6166,3,0,5 2 6 7,0,70,,6152,3,0,5 2 6 7,0,30,,6163,3,0,5 2 6 7,0,70,,6161,3,0,5 2 6 7,0,30,,6164,3,0,5 2 6 7,0,70,,6157,3,0,5 2 6 7,0,30,,6162,3,0,5 2 6 7,0,70,,6150,3,0,5 2 6 7,0,30,,6173,3,0,5 2 6 7,0,70,,1256,3,0,5 2 6 7,0,30,,6171,3,0,5 2 6 7,0,70,,3365,3,0,5 2 6 7,0,30,,6168,3,0,5 2 6 7,0,70,,6160,3,0,5 2 6 7,0,30,,2578,3,0,5 2 6 7,0,70,,6159,3,0,5 2 6 7,0,30,,6154,3,0,5 2 6 7,0,70,,6170,3,0,5 2 6 7,0,30,,6172,3,0,5 2 6 7,0,70,,6169,3,0,5 2 6 7,0,30,,6155,3,0,5 2 6 7,0,70,,6158,3,0,5 2 6 7,0,30,,6167,3,0,5 2 6 7,0,70,,6156,3,0,5 2 6 7,0,30,,6153,3,0,5 2 6 7,0,70,,3144,3,0,5 2 6 7,0
1100,'2',528,,6175,3,0,5 2 6 7,0,30,,1799,3,0,5 2 6 7,0,70,,6181,3,0,5 2 6 7,0,30,,4897,3,0,5 2 6 7,0,70,,6185,3,0,5 2 6 7,0,30,,6188,3,0,5 2 6 7,0,70,,6182,3,0,5 2 6 7,0,30,,6184,3,0,5 2 6 7,0,70,,6191,3,0,5 2 6 7,0,30,,5206,3,0,5 2 6 7,0,70,,6178,3,0,5 2 6 7,0,30,,6176,3,0,5 2 6 7,0,70,,6174,3,0,5 2 6 7,0,30,,6187,3,0,5 2 6 7,0,70,,6190,3,0,5 2 6 7,0,30,,4218,3,0,5 2 6 7,0,70,,4487,3,0,5 2 6 7,0,30,,6186,3,0,5 2 6 7,0,70,,6183,3,0,5 2 6 7,0,30,,4410,3,0,5 2 6 7,0,70,,1512,3,0,5 2 6 7,0,30,,4686,3,0,5 2 6 7,0,70,,5165,3,0,5 2 6 7,0,30,,5204,3,0,5 2 6 7,0,70,,6189,3,0,5 2 6 7,0,30,,6177,3,0,5 2 6 7,0,70,,6180,3,0,5 2 6 7,0,30,,6179,3,0,5 2 6 7,0,70,,5196,3,0,5 2 6 7,0
1100,'3',758,,6197,3,0,5 2 6 7,0,100,,6193,3,0,5 2 6 7,0,100,,6192,3,0,5 2 6 7,0,100,,6198,3,0,5 2 6 7,0,100,,4799,3,0,5 2 6 7,0,100,,6194,3,0,5 2 6 7,0,100,,3812,3,0,5 2 6 7,0,100,,6199,3,0,5 2 6 7,0,100,,5135,3,0,5 2 6 7,0,100,,6200,3,0,5 2 6 7,0,100,,6196,3,0,5 2 6 7,0,100,,6195,3,0,5 2 6 7,0
1100,'4',528,,6216,3,0,5 2 6 7,0,30,,6210,3,0,5 2 6 7,0,70,,6203,3,0,5 2 6 7,0,30,,6201,3,0,5 2 6 7,0,70,,6217,3,0,5 2 6 7,0,30,,6207,3,0,5 2 6 7,0,70,,6213,3,0,5 2 6 7,0,30,,6211,3,0,5 2 6 7,0,70,,6219,3,0,5 2 6 7,0,30,,6209,3,0,5 2 6 7,0,70,,6204,3,0,5 2 6 7,0,30,,6208,3,0,5 2 6 7,0,70,,4327,3,0,5 2 6 7,0,30,,6202,3,0,5 2 6 7,0,70,,6206,3,0,5 2 6 7,0,30,,2920,3,0,5 2 6 7,0,70,,6205,3,0,5 2 6 7,0,30,,6218,3,0,5 2 6 7,0,70,,3707,3,0,5 2 6 7,0,30,,6215,3,0,5 2 6 7,0,70,,4536,3,0,5 2 6 7,0,30,,6221,3,0,5 2 6 7,0,70,,6214,3,0,5 2 6 7,0,30,,5089,3,0,5 2 6 7,0,70,,3482,3,0,5 2 6 7,0,30,,6223,3,0,5 2 6 7,0,70,,6212,3,0,5 2 6 7,0,30,,6222,3,0,5 2 6 7,0,70,,6220,3,0,5 2 6 7,0
1201,'1',645,,6392,3,0,68 69,0,70,,6386,3,0,68 69,0,30,,6398,3,0,68 69,0,70,,6399,3,0,68 69,0,30,,704,3,0,68 69,0,70,,6388,3,0,68 69,0,30,,6400,3,0,68 69,0,70,,6384,3,0,68 69,0,30,,6389,3,0,68 69,0,70,,6402,3,0,68 69,0,30,,6405,3,0,68 69,0,70,,346,3,0,68 69,0,30,,3434,3,0,68 69,0,70,,6381,3,0,68 69,0,30,,6404,3,0,68 69,0,70,,4786,3,0,68 69,0,30,,6397,3,0,68 69,0,70,,6394,3,0,68 69,0,30,,6396,3,0,68 69,0,70,,6383,3,0,68 69,0,30,,6387,3,0,68 69,0,70,,6407,3,0,68 69,0,30,,6406,3,0,68 69,0,70,,6385,3,0,68 69,0,30,,6403,3,0,68 69,0,70,,6395,3,0,68 69,0,30,,6391,3,0,68 69,0,70,,2500,3,0,68 69,0,30,,6401,3,0,68 69,0,70,,6390,3,0,68 69,0,30,,6393,3,0,68 69,0,70,,4776,3,0,68 69,0,30,,6382,3,0,68 69,0
1201,'2',645,,6414,3,0,68 69,0,70,,6417,3,0,68 69,0,30,,6409,3,0,68 69,0,70,,5166,3,0,68 69,0,30,,6420,3,0,68 69,0,70,,6411,3,0,68 69,0,30,,2517,3,0,68 69,0,70,,6410,3,0,68 69,0,30,,6425,3,0,68 69,0,70,,3087,3,0,68 69,0,30,,6421,3,0,68 69,0,70,,6422,3,0,68 69,0,30,,6429,3,0,68 69,0,70,,3158,3,0,68 69,0,30,,6415,3,0,68 69,0,70,,6428,3,0,68 69,0,30,,4556,3,0,68 69,0,70,,6408,3,0,68 69,0,30,,6426,3,0,68 69,0,70,,6423,3,0,68 69,0,30,,4049,3,0,68 69,0,70,,6416,3,0,68 69,0,30,,6413,3,0,68 69,0,70,,394,3,0,68 69,0,30,,6412,3,0,68 69,0,70,,6419,3,0,68 69,0,30,,6430,3,0,68 69,0,70,,4214,3,0,68 69,0,30,,6418,3,0,68 69,0,70,,3083,3,0,68 69,0,30,,6427,3,0,68 69,0,70,,6424,3,0,68 69,0,30,,2334,3,0,68 69,0
1201,'3',745,,6431,3,0,68 69,0,70,,6432,3,0,68 69,0,30,,6452,3,0,68 69,0,70,,6437,3,0,68 69,0,30,,6445,3,0,68 69,0,70,,6448,3,0,68 69,0,30,,6455,3,0,68 69,0,70,,6442,3,0,68 69,0,30,,6446,3,0,68 69,0,70,,6451,3,0,68 69,0,30,,6438,3,0,68 69,0,70,,6443,3,0,68 69,0,30,,4709,3,0,68 69,0,70,,6439,3,0,68 69,0,30,,4250,3,0,68 69,0,70,,6434,3,0,68 69,0,30,,6453,3,0,68 69,0,70,,6447,3,0,68 69,0,30,,6449,3,0,68 69,0,70,,6435,3,0,68 69,0,30,,6433,3,0,68 69,0,70,,6444,3,0,68 69,0,30,,6454,3,0,68 69,0,70,,6441,3,0,68 69,0,30,,6440,3,0,68 69,0,70,,6450,3,0,68 69,0,30,,6436,3,0,68 69,0
1201,'4',645,,6470,3,0,68 69,0,70,,5036,3,0,68 69,0,30,,6461,3,0,68 69,0,70,,6478,3,0,68 69,0,30,,4012,3,0,68 69,0,70,,6462,3,0,68 69,0,30,,6475,3,0,68 69,0,70,,2013,3,0,68 69,0,30,,6463,3,0,68 69,0,70,,6477,3,0,68 69,0,30,,6466,3,0,68 69,0,70,,6468,3,0,68 69,0,30,,6482,3,0,68 69,0,70,,6481,3,0,68 69,0,30,,6476,3,0,68 69,0,70,,6464,3,0,68 69,0,30,,6480,3,0,68 69,0,70,,6467,3,0,68 69,0,30,,6473,3,0,68 69,0,70,,6460,3,0,68 69,0,30,,6465,3,0,68 69,0,70,,6458,3,0,68 69,0,30,,6469,3,0,68 69,0,70,,6457,3,0,68 69,0,30,,6456,3,0,68 69,0,70,,2381,3,0,68 69,0,30,,4270,3,0,68 69,0,70,,4406,3,0,68 69,0,30,,6471,3,0,68 69,0,70,,6459,3,0,68 69,0,30,,6474,3,0,68 69,0,70,,6479,3,0,68 69,0,30,,6472,3,0,68 69,0
