1800,'1',517,,1159,2,0,44 45,0,1199,,2492,2,0,44 45,0
1800,'2',517,,6883,2,0,44 45,0,1199,,4894,2,0,44 45,0
1801,'1',515,,6895,2,0,44 45,0,30,,6885,2,0,44 45,0,70,,6886,2,0,44 45,0,30,,6891,2,0,44 45,0,70,,6894,2,0,44 45,0,30,,6892,2,0,44 45,0,70,,6893,2,0,44 45,0,30,,6903,2,0,44 45,0,70,,2665,2,0,44 45,0,30,,6898,2,0,44 45,0,70,,3882,2,0,44 45,0,30,,5176,2,0,44 45,0,70,,6890,2,0,44 45,0,30,,6887,2,0,44 45,0,70,,6899,2,0,44 45,0,30,,6889,2,0,44 45,0,70,,4222,2,0,44 45,0,30,,6901,2,0,44 45,0,70,,6897,2,0,44 45,0,30,,6896,2,0,44 45,0,70,,6884,2,0,44 45,0,30,,6904,2,0,44 45,0,70,,6900,2,0,44 45,0,30,,3285,2,0,44 45,0
1801,'2',515,,6908,2,0,44 45,0,30,,3744,2,0,44 45,0,70,,6919,2,0,44 45,0,30,,6912,2,0,44 45,0,70,,4759,2,0,44 45,0,30,,6909,2,0,44 45,0,70,,3684,2,0,44 45,0,30,,6911,2,0,44 45,0,70,,2519,2,0,44 45,0,30,,6920,2,0,44 45,0,70,,6918,2,0,44 45,0,30,,526,2,0,44 45,0,70,,6907,2,0,44 45,0,30,,6915,2,0,44 45,0,70,,6914,2,0,44 45,0,30,,6917,2,0,44 45,0,70,,4345,2,0,44 45,0,30,,3958,2,0,44 45,0,70,,6910,2,0,44 45,0,30,,6905,2,0,44 45,0,70,,3388,2,0,44 45,0,30,,4282,2,0,44 45,0,70,,6906,2,0,44 45,0,30,,6913,2,0,44 45,0
11100,'1',1455,,6931,1,,,0
11101,'1',800,,4966,22,4,,0
11200,'1',1455,,6932,1,0,44 101 102 48 49 3 25 36,0
11201,'1',805,,214,30,4,,0
11300,'1',1455,,6933,1,,,0
11301,'1',805,,6934,20,4,,0
13301,'1',757,,3601,16,,,0
16001,'1',846,,6979,2,,,0
