101,'1',525,,5385,14,0,40 41 42 43,0,30,,480,22,0,40 41 42 43,0,70,,4064,22,0,40 41 42 43,0,30,,4372,22,0,40 41 42 43,0,70,,3886,22,0,40 41 42 43,0,30,,5396,22,0,40 41 42 43,0,70,,1462,22,0,40 41 42 43,0,30,,5399,22,0,40 41 42 43,0,70,,5390,22,0,40 41 42 43,0,30,,5398,22,0,40 41 42 43,0,70,,5394,22,0,40 41 42 43,0,30,,5397,22,0,40 41 42 43,0,70,,5402,22,0,40 41 42 43,0,30,,5403,22,0,40 41 42 43,0,70,,5407,22,0,40 41 42 43,0,30,,5391,22,0,40 41 42 43,0,70,,5389,22,0,40 41 42 43,0,30,,5387,22,0,40 41 42 43,0,70,,5014,22,0,40 41 42 43,0,30,,5401,22,0,40 41 42 43,0,70,,5384,22,0,40 41 42 43,0,30,,5393,22,0,40 41 42 43,0,70,,5406,22,0,40 41 42 43,0,30,,2882,22,0,40 41 42 43,0,70,,5381,22,0,40 41 42 43,0,30,,71,22,0,40 41 42 43,0,70,,5382,22,0,40 41 42 43,0,30,,5388,22,0,40 41 42 43,0,70,,4859,22,0,40 41 42 43,0,30,,5386,22,0,40 41 42 43,0,70,,5395,22,0,40 41 42 43,0,30,,4235,22,0,40 41 42 43,0,70,,1602,22,0,40 41 42 43,0,30,,5392,22,0,40 41 42 43,0,70,,5383,22,0,40 41 42 43,0,30,,5400,22,0,40 41 42 43,0,70,,5404,22,0,40 41 42 43,0
101,'2',525,,5427,14,0,40 41 42 43,0,30,,5410,22,0,40 41 42 43,0,70,,5413,22,0,40 41 42 43,0,30,,5426,22,0,40 41 42 43,0,70,,4211,22,0,40 41 42 43,0,30,,5417,22,0,40 41 42 43,0,70,,5408,22,0,40 41 42 43,0,30,,5425,22,0,40 41 42 43,0,70,,5409,22,0,40 41 42 43,0,30,,5420,22,0,40 41 42 43,0,70,,5267,22,0,40 41 42 43,0,30,,5429,22,0,40 41 42 43,0,70,,5411,22,0,40 41 42 43,0,30,,5432,22,0,40 41 42 43,0,70,,3088,22,0,40 41 42 43,0,30,,5416,22,0,40 41 42 43,0,70,,5423,22,0,40 41 42 43,0,30,,5421,22,0,40 41 42 43,0,70,,5430,22,0,40 41 42 43,0,30,,3947,22,0,40 41 42 43,0,70,,5434,22,0,40 41 42 43,0,30,,3753,22,0,40 41 42 43,0,70,,5424,22,0,40 41 42 43,0,30,,5419,22,0,40 41 42 43,0,70,,5422,22,0,40 41 42 43,0,30,,2754,22,0,40 41 42 43,0,70,,3855,22,0,40 41 42 43,0,30,,5414,22,0,40 41 42 43,0,70,,5415,22,0,40 41 42 43,0,30,,5418,22,0,40 41 42 43,0,70,,5428,22,0,40 41 42 43,0,30,,5412,22,0,40 41 42 43,0,70,,5433,22,0,40 41 42 43,0,30,,4896,22,0,40 41 42 43,0,70,,4605,22,0,40 41 42 43,0,30,,3677,22,0,40 41 42 43,0,70,,3396,22,0,40 41 42 43,0
101,'3',825,,4871,14,0,40 41 42 43,0,30,,5451,22,0,40 41 42 43,0,70,,5446,22,0,40 41 42 43,0,30,,5452,22,0,40 41 42 43,0,70,,5453,22,0,40 41 42 43,0,30,,5437,22,0,40 41 42 43,0,70,,4867,22,0,40 41 42 43,0,30,,5438,22,0,40 41 42 43,0,70,,5441,22,0,40 41 42 43,0,30,,5436,22,0,40 41 42 43,0,70,,4706,22,0,40 41 42 43,0,30,,5445,22,0,40 41 42 43,0,70,,5435,22,0,40 41 42 43,0,30,,5450,22,0,40 41 42 43,0,70,,4452,22,0,40 41 42 43,0,30,,5442,22,0,40 41 42 43,0,70,,5443,22,0,40 41 42 43,0,30,,5448,22,0,40 41 42 43,0,70,,4806,22,0,40 41 42 43,0,30,,5440,22,0,40 41 42 43,0,70,,5447,22,0,40 41 42 43,0,30,,5449,22,0,40 41 42 43,0,70,,5439,22,0,40 41 42 43,0,30,,5444,22,0,40 41 42 43,0
101,'4',525,,5454,14,0,40 41 42 43,0,30,,5469,22,0,40 41 42 43,0,70,,4813,22,0,40 41 42 43,0,30,,1827,22,0,40 41 42 43,0,70,,5462,22,0,40 41 42 43,0,30,,5480,22,0,40 41 42 43,0,70,,5478,22,0,40 41 42 43,0,30,,5461,22,0,40 41 42 43,0,70,,5456,22,0,40 41 42 43,0,30,,5476,22,0,40 41 42 43,0,70,,5483,22,0,40 41 42 43,0,30,,5471,22,0,40 41 42 43,0,70,,5479,22,0,40 41 42 43,0,30,,3652,22,0,40 41 42 43,0,70,,5477,22,0,40 41 42 43,0,30,,5463,22,0,40 41 42 43,0,70,,3830,22,0,40 41 42 43,0,30,,5472,22,0,40 41 42 43,0,70,,4931,22,0,40 41 42 43,0,30,,170,22,0,40 41 42 43,0,70,,5468,22,0,40 41 42 43,0,30,,5470,22,0,40 41 42 43,0,70,,5481,22,0,40 41 42 43,0,30,,5458,22,0,40 41 42 43,0,70,,5460,22,0,40 41 42 43,0,30,,5482,22,0,40 41 42 43,0,70,,5464,22,0,40 41 42 43,0,30,,5474,22,0,40 41 42 43,0,70,,5457,22,0,40 41 42 43,0,30,,5475,22,0,40 41 42 43,0,70,,5466,22,0,40 41 42 43,0,30,,5459,22,0,40 41 42 43,0,70,,5467,22,0,40 41 42 43,0,30,,5484,22,0,40 41 42 43,0,70,,4469,22,0,40 41 42 43,0,30,,5473,22,0,40 41 42 43,0,70,,5465,22,0,40 41 42 43,0
400,'1',526,,5180,9,0,21 2 22 23,0,30,,5835,9,0,21 2 22 23,0,70,,5840,9,0,21 2 22 23,0,30,,5849,9,0,21 2 22 23,0,70,,5843,9,0,21 2 22 23,0,30,,3789,9,0,21 2 22 23,0,70,,5845,9,0,21 2 22 23,0,30,,5848,9,0,21 2 22 23,0,70,,5856,9,0,21 2 22 23,0,30,,4693,9,0,21 2 22 23,0,70,,5850,9,0,21 2 22 23,0,30,,5854,9,0,21 2 22 23,0,70,,4695,9,0,21 2 22 23,0,30,,5839,9,0,21 2 22 23,0,70,,5837,9,0,21 2 22 23,0,30,,5846,9,0,21 2 22 23,0,70,,5211,9,0,21 2 22 23,0,30,,5838,9,0,21 2 22 23,0,70,,3137,9,0,21 2 22 23,0,30,,5842,9,0,21 2 22 23,0,70,,5847,9,0,21 2 22 23,0,30,,4514,9,0,21 2 22 23,0,70,,5853,9,0,21 2 22 23,0,30,,5851,9,0,21 2 22 23,0,70,,3875,9,0,21 2 22 23,0,30,,3983,9,0,21 2 22 23,0,70,,923,9,0,21 2 22 23,0,30,,5852,9,0,21 2 22 23,0,70,,5841,9,0,21 2 22 23,0,30,,5844,9,0,21 2 22 23,0,100,,5834,9,0,21 2 22 23,0,100,,5855,9,0,21 2 22 23,0,100,,3500,9,0,21 2 22 23,0
400,'2',526,,5242,9,0,21 2 22 23,0,30,,5859,9,0,21 2 22 23,0,70,,5862,9,0,21 2 22 23,0,30,,3864,9,0,21 2 22 23,0,70,,5869,9,0,21 2 22 23,0,30,,5874,9,0,21 2 22 23,0,70,,5865,9,0,21 2 22 23,0,30,,5880,9,0,21 2 22 23,0,70,,5877,9,0,21 2 22 23,0,30,,5857,9,0,21 2 22 23,0,70,,5863,9,0,21 2 22 23,0,30,,5875,9,0,21 2 22 23,0,70,,5867,9,0,21 2 22 23,0,30,,5248,9,0,21 2 22 23,0,70,,4548,9,0,21 2 22 23,0,30,,5878,9,0,21 2 22 23,0,70,,3562,9,0,21 2 22 23,0,30,,3963,9,0,21 2 22 23,0,70,,5870,9,0,21 2 22 23,0,30,,5872,9,0,21 2 22 23,0,70,,5861,9,0,21 2 22 23,0,30,,5879,9,0,21 2 22 23,0,70,,5864,9,0,21 2 22 23,0,30,,5866,9,0,21 2 22 23,0,70,,5873,9,0,21 2 22 23,0,30,,3964,9,0,21 2 22 23,0,70,,5868,9,0,21 2 22 23,0,30,,5858,9,0,21 2 22 23,0,70,,5881,9,0,21 2 22 23,0,30,,5876,9,0,21 2 22 23,0,100,,5860,9,0,21 2 22 23,0,100,,4684,9,0,21 2 22 23,0,100,,640,9,0,21 2 22 23,0
400,'3',826,,5884,9,0,21 2 22 23,0,100,,5070,9,0,21 2 22 23,0,100,,5891,9,0,21 2 22 23,0,100,,5889,9,0,21 2 22 23,0,100,,3406,9,0,21 2 22 23,0,100,,5887,9,0,21 2 22 23,0,100,,5885,9,0,21 2 22 23,0,100,,5886,9,0,21 2 22 23,0,100,,3808,9,0,21 2 22 23,0,100,,5882,9,0,21 2 22 23,0,100,,5888,9,0,21 2 22 23,0,100,,5883,9,0,21 2 22 23,0
400,'4',526,,5893,9,0,21 2 22 23,0,30,,3919,9,0,21 2 22 23,0,70,,5905,9,0,21 2 22 23,0,30,,5902,9,0,21 2 22 23,0,70,,5900,9,0,21 2 22 23,0,30,,5901,9,0,21 2 22 23,0,70,,3927,9,0,21 2 22 23,0,30,,5892,9,0,21 2 22 23,0,70,,4178,9,0,21 2 22 23,0,30,,5906,9,0,21 2 22 23,0,70,,5903,9,0,21 2 22 23,0,30,,4337,9,0,21 2 22 23,0,70,,4332,9,0,21 2 22 23,0,30,,4668,9,0,21 2 22 23,0,70,,5894,9,0,21 2 22 23,0,30,,5897,9,0,21 2 22 23,0,70,,4252,9,0,21 2 22 23,0,30,,5895,9,0,21 2 22 23,0,70,,299,9,0,21 2 22 23,0,30,,5904,9,0,21 2 22 23,0,70,,5909,9,0,21 2 22 23,0,30,,3582,9,0,21 2 22 23,0,70,,5896,9,0,21 2 22 23,0,30,,2983,9,0,21 2 22 23,0,70,,2635,9,0,21 2 22 23,0,30,,4881,9,0,21 2 22 23,0,70,,5907,9,0,21 2 22 23,0,30,,5899,9,0,21 2 22 23,0,70,,5898,9,0,21 2 22 23,0,30,,3935,9,0,21 2 22 23,0,100,,5092,9,0,21 2 22 23,0,100,,3257,9,0,21 2 22 23,0,100,,5908,9,0,21 2 22 23,0
1100,'1',528,,3142,5,0,5 2 6 7,0,30,,6165,5,0,5 2 6 7,0,70,,6151,5,0,5 2 6 7,0,30,,6166,5,0,5 2 6 7,0,70,,6152,5,0,5 2 6 7,0,30,,6163,5,0,5 2 6 7,0,70,,6161,5,0,5 2 6 7,0,30,,6164,5,0,5 2 6 7,0,70,,6157,5,0,5 2 6 7,0,30,,6162,5,0,5 2 6 7,0,70,,6150,5,0,5 2 6 7,0,30,,6173,5,0,5 2 6 7,0,70,,1256,5,0,5 2 6 7,0,30,,6171,5,0,5 2 6 7,0,70,,3365,5,0,5 2 6 7,0,30,,6168,5,0,5 2 6 7,0,70,,6160,5,0,5 2 6 7,0,30,,2578,5,0,5 2 6 7,0,70,,6159,5,0,5 2 6 7,0,30,,6154,5,0,5 2 6 7,0,70,,6170,5,0,5 2 6 7,0,30,,6172,5,0,5 2 6 7,0,70,,6169,5,0,5 2 6 7,0,30,,6155,5,0,5 2 6 7,0,70,,6158,5,0,5 2 6 7,0,30,,6167,5,0,5 2 6 7,0,70,,6156,5,0,5 2 6 7,0,30,,6153,5,0,5 2 6 7,0,70,,3144,5,0,5 2 6 7,0
1100,'2',528,,6175,5,0,5 2 6 7,0,30,,1799,5,0,5 2 6 7,0,70,,6181,5,0,5 2 6 7,0,30,,4897,5,0,5 2 6 7,0,70,,6185,5,0,5 2 6 7,0,30,,6188,5,0,5 2 6 7,0,70,,6182,5,0,5 2 6 7,0,30,,6184,5,0,5 2 6 7,0,70,,6191,5,0,5 2 6 7,0,30,,5206,5,0,5 2 6 7,0,70,,6178,5,0,5 2 6 7,0,30,,6176,5,0,5 2 6 7,0,70,,6174,5,0,5 2 6 7,0,30,,6187,5,0,5 2 6 7,0,70,,6190,5,0,5 2 6 7,0,30,,4218,5,0,5 2 6 7,0,70,,4487,5,0,5 2 6 7,0,30,,6186,5,0,5 2 6 7,0,70,,6183,5,0,5 2 6 7,0,30,,4410,5,0,5 2 6 7,0,70,,1512,5,0,5 2 6 7,0,30,,4686,5,0,5 2 6 7,0,70,,5165,5,0,5 2 6 7,0,30,,5204,5,0,5 2 6 7,0,70,,6189,5,0,5 2 6 7,0,30,,6177,5,0,5 2 6 7,0,70,,6180,5,0,5 2 6 7,0,30,,6179,5,0,5 2 6 7,0,70,,5196,5,0,5 2 6 7,0
1100,'3',758,,6197,5,0,5 2 6 7,0,100,,6193,5,0,5 2 6 7,0,100,,6192,5,0,5 2 6 7,0,100,,6198,5,0,5 2 6 7,0,100,,4799,5,0,5 2 6 7,0,100,,6194,5,0,5 2 6 7,0,100,,3812,5,0,5 2 6 7,0,100,,6199,5,0,5 2 6 7,0,100,,5135,5,0,5 2 6 7,0,100,,6200,5,0,5 2 6 7,0,100,,6196,5,0,5 2 6 7,0,100,,6195,5,0,5 2 6 7,0
1100,'4',528,,6216,5,0,5 2 6 7,0,30,,6210,5,0,5 2 6 7,0,70,,6203,5,0,5 2 6 7,0,30,,6201,5,0,5 2 6 7,0,70,,6217,5,0,5 2 6 7,0,30,,6207,5,0,5 2 6 7,0,70,,6213,5,0,5 2 6 7,0,30,,6211,5,0,5 2 6 7,0,70,,6219,5,0,5 2 6 7,0,30,,6209,5,0,5 2 6 7,0,70,,6204,5,0,5 2 6 7,0,30,,6208,5,0,5 2 6 7,0,70,,4327,5,0,5 2 6 7,0,30,,6202,5,0,5 2 6 7,0,70,,6206,5,0,5 2 6 7,0,30,,2920,5,0,5 2 6 7,0,70,,6205,5,0,5 2 6 7,0,30,,6218,5,0,5 2 6 7,0,70,,3707,5,0,5 2 6 7,0,30,,6215,5,0,5 2 6 7,0,70,,4536,5,0,5 2 6 7,0,30,,6221,5,0,5 2 6 7,0,70,,6214,5,0,5 2 6 7,0,30,,5089,5,0,5 2 6 7,0,70,,3482,5,0,5 2 6 7,0,30,,6223,5,0,5 2 6 7,0,70,,6212,5,0,5 2 6 7,0,30,,6222,5,0,5 2 6 7,0,70,,6220,5,0,5 2 6 7,0
1201,'1',646,,6392,5,0,68 69,0,70,,6386,5,0,68 69,0,30,,6398,5,0,68 69,0,70,,6399,5,0,68 69,0,30,,704,5,0,68 69,0,70,,6388,5,0,68 69,0,30,,6400,5,0,68 69,0,70,,6384,5,0,68 69,0,30,,6389,5,0,68 69,0,70,,6402,5,0,68 69,0,30,,6405,5,0,68 69,0,70,,346,5,0,68 69,0,30,,3434,5,0,68 69,0,70,,6381,5,0,68 69,0,30,,6404,5,0,68 69,0,70,,4786,5,0,68 69,0,30,,6397,5,0,68 69,0,70,,6394,5,0,68 69,0,30,,6396,5,0,68 69,0,70,,6383,5,0,68 69,0,30,,6387,5,0,68 69,0,70,,6407,5,0,68 69,0,30,,6406,5,0,68 69,0,70,,6385,5,0,68 69,0,30,,6403,5,0,68 69,0,70,,6395,5,0,68 69,0,30,,6391,5,0,68 69,0,70,,2500,5,0,68 69,0,30,,6401,5,0,68 69,0,70,,6390,5,0,68 69,0,30,,6393,5,0,68 69,0,70,,4776,5,0,68 69,0,30,,6382,5,0,68 69,0
1201,'2',646,,6414,5,0,68 69,0,70,,6417,5,0,68 69,0,30,,6409,5,0,68 69,0,70,,5166,5,0,68 69,0,30,,6420,5,0,68 69,0,70,,6411,5,0,68 69,0,30,,2517,5,0,68 69,0,70,,6410,5,0,68 69,0,30,,6425,5,0,68 69,0,70,,3087,5,0,68 69,0,30,,6421,5,0,68 69,0,70,,6422,5,0,68 69,0,30,,6429,5,0,68 69,0,70,,3158,5,0,68 69,0,30,,6415,5,0,68 69,0,70,,6428,5,0,68 69,0,30,,4556,5,0,68 69,0,70,,6408,5,0,68 69,0,30,,6426,5,0,68 69,0,70,,6423,5,0,68 69,0,30,,4049,5,0,68 69,0,70,,6416,5,0,68 69,0,30,,6413,5,0,68 69,0,70,,394,5,0,68 69,0,30,,6412,5,0,68 69,0,70,,6419,5,0,68 69,0,30,,6430,5,0,68 69,0,70,,4214,5,0,68 69,0,30,,6418,5,0,68 69,0,70,,3083,5,0,68 69,0,30,,6427,5,0,68 69,0,70,,6424,5,0,68 69,0,30,,2334,5,0,68 69,0
1201,'3',746,,6431,5,0,68 69,0,70,,6432,5,0,68 69,0,30,,6452,5,0,68 69,0,70,,6437,5,0,68 69,0,30,,6445,5,0,68 69,0,70,,6448,5,0,68 69,0,30,,6455,5,0,68 69,0,70,,6442,5,0,68 69,0,30,,6446,5,0,68 69,0,70,,6451,5,0,68 69,0,30,,6438,5,0,68 69,0,70,,6443,5,0,68 69,0,30,,4709,5,0,68 69,0,70,,6439,5,0,68 69,0,30,,4250,5,0,68 69,0,70,,6434,5,0,68 69,0,30,,6453,5,0,68 69,0,70,,6447,5,0,68 69,0,30,,6449,5,0,68 69,0,70,,6435,5,0,68 69,0,30,,6433,5,0,68 69,0,70,,6444,5,0,68 69,0,30,,6454,5,0,68 69,0,70,,6441,5,0,68 69,0,30,,6440,5,0,68 69,0,70,,6450,5,0,68 69,0,30,,6436,5,0,68 69,0
1201,'4',646,,6470,5,0,68 69,0,70,,5036,5,0,68 69,0,30,,6461,5,0,68 69,0,70,,6478,5,0,68 69,0,30,,4012,5,0,68 69,0,70,,6462,5,0,68 69,0,30,,6475,5,0,68 69,0,70,,2013,5,0,68 69,0,30,,6463,5,0,68 69,0,70,,6477,5,0,68 69,0,30,,6466,5,0,68 69,0,70,,6468,5,0,68 69,0,30,,6482,5,0,68 69,0,70,,6481,5,0,68 69,0,30,,6476,5,0,68 69,0,70,,6464,5,0,68 69,0,30,,6480,5,0,68 69,0,70,,6467,5,0,68 69,0,30,,6473,5,0,68 69,0,70,,6460,5,0,68 69,0,30,,6465,5,0,68 69,0,70,,6458,5,0,68 69,0,30,,6469,5,0,68 69,0,70,,6457,5,0,68 69,0,30,,6456,5,0,68 69,0,70,,2381,5,0,68 69,0,30,,4270,5,0,68 69,0,70,,4406,5,0,68 69,0,30,,6471,5,0,68 69,0,70,,6459,5,0,68 69,0,30,,6474,5,0,68 69,0,70,,6479,5,0,68 69,0,30,,6472,5,0,68 69,0
