1500,'1',542,,6613,23,4,,0,70,,6620,23,4,,0,30,,6621,23,4,,0,70,,6617,23,4,,0,30,,6615,23,4,,0,70,,6611,23,4,,0,30,,4148,23,4,,0,70,,4565,23,4,,0,30,,6625,23,4,,0,100,,4959,23,4,,0,100,,6612,23,4,,0,100,,4065,23,4,,0,100,,6610,23,4,,0,100,,6622,23,4,,0,70,,6616,23,4,,0,30,,6614,23,4,,0,70,,6626,23,4,,0,30,,6619,23,4,,0,70,,6623,23,4,,0,30,,5118,23,4,,0,70,,927,23,4,,0,30,,6624,23,4,,0,100,,6618,23,4,,0
1500,'2',542,,6634,23,4,,0,70,,6636,23,4,,0,30,,6635,23,4,,0,70,,6628,23,4,,0,30,,6632,23,4,,0,70,,6631,23,4,,0,30,,6630,23,4,,0,70,,5100,23,4,,0,30,,6629,23,4,,0,100,,5167,23,4,,0,100,,6639,23,4,,0,100,,6633,23,4,,0,100,,6637,23,4,,0,100,,4421,23,4,,0,70,,1790,23,4,,0,30,,6638,23,4,,0,70,,3847,23,4,,0,30,,3627,23,4,,0,70,,1069,23,4,,0,30,,2963,23,4,,0,70,,6640,23,4,,0,30,,4425,23,4,,0,100,,6627,23,4,,0
1500,'3',842,,4868,23,4,,0,100,,6648,23,4,,0,100,,6642,23,4,,0,100,,6649,23,4,,0,100,,6643,23,4,,0,100,,6644,23,4,,0,100,,6650,23,4,,0,100,,6645,23,4,,0,100,,6646,23,4,,0,100,,6651,23,4,,0,100,,6641,23,4,,0,100,,6647,23,4,,0
1500,'4',542,,6667,23,4,,0,70,,6657,23,4,,0,30,,4118,23,4,,0,70,,6660,23,4,,0,30,,6659,23,4,,0,70,,6655,23,4,,0,30,,4932,23,4,,0,70,,6664,23,4,,0,30,,6668,23,4,,0,100,,2914,23,4,,0,100,,6656,23,4,,0,100,,6652,23,4,,0,100,,6653,23,4,,0,100,,2865,23,4,,0,70,,6658,23,4,,0,30,,6662,23,4,,0,70,,6661,23,4,,0,30,,6666,23,4,,0,70,,6663,23,4,,0,30,,6654,23,4,,0,70,,6665,23,4,,0,30,,3821,23,4,,0,100,,4665,23,4,,0
1501,'1',542,,6678,1,0,38 2 39,0,70,,6680,1,0,38 2 39,0,30,,4375,1,0,38 2 39,0,70,,2327,1,0,38 2 39,0,30,,3728,1,0,38 2 39,0,70,,6681,1,0,38 2 39,0,30,,6669,1,0,38 2 39,0,70,,6670,1,0,38 2 39,0,30,,6675,1,0,38 2 39,0,100,,4564,1,0,38 2 39,0,100,,6683,1,0,38 2 39,0,100,,6677,1,0,38 2 39,0,100,,6672,1,0,38 2 39,0,100,,6671,1,0,38 2 39,0,70,,6682,1,0,38 2 39,0,30,,6676,1,0,38 2 39,0,70,,6673,1,0,38 2 39,0,30,,6679,1,0,38 2 39,0,70,,1574,1,0,38 2 39,0,30,,3977,1,0,38 2 39,0,70,,6674,1,0,38 2 39,0,30,,6684,1,0,38 2 39,0,100,,2654,1,0,38 2 39,0
1501,'2',542,,3154,1,0,38 2 39,0,70,,6692,1,0,38 2 39,0,30,,6691,1,0,38 2 39,0,70,,6702,1,0,38 2 39,0,30,,6689,1,0,38 2 39,0,70,,6700,1,0,38 2 39,0,30,,4836,1,0,38 2 39,0,70,,6698,1,0,38 2 39,0,30,,6693,1,0,38 2 39,0,100,,6686,1,0,38 2 39,0,100,,6690,1,0,38 2 39,0,100,,6697,1,0,38 2 39,0,100,,6695,1,0,38 2 39,0,100,,6696,1,0,38 2 39,0,70,,6701,1,0,38 2 39,0,30,,975,1,0,38 2 39,0,70,,6687,1,0,38 2 39,0,30,,6699,1,0,38 2 39,0,70,,6685,1,0,38 2 39,0,30,,5265,1,0,38 2 39,0,70,,3945,1,0,38 2 39,0,30,,6694,1,0,38 2 39,0,100,,6688,1,0,38 2 39,0
1501,'3',842,,4000,1,0,38 2 39,0,100,,6706,1,0,38 2 39,0,100,,6712,1,0,38 2 39,0,100,,6708,1,0,38 2 39,0,100,,6713,1,0,38 2 39,0,100,,6710,1,0,38 2 39,0,100,,6711,1,0,38 2 39,0,100,,6705,1,0,38 2 39,0,100,,6704,1,0,38 2 39,0,100,,6709,1,0,38 2 39,0,100,,6707,1,0,38 2 39,0,100,,6703,1,0,38 2 39,0
1501,'4',542,,6722,1,0,38 2 39,0,70,,6715,1,0,38 2 39,0,30,,432,1,0,38 2 39,0,70,,6721,1,0,38 2 39,0,30,,6728,1,0,38 2 39,0,70,,6723,1,0,38 2 39,0,30,,6725,1,0,38 2 39,0,70,,4472,1,0,38 2 39,0,30,,6714,1,0,38 2 39,0,100,,6717,1,0,38 2 39,0,100,,6724,1,0,38 2 39,0,100,,5037,1,0,38 2 39,0,100,,4023,1,0,38 2 39,0,100,,6719,1,0,38 2 39,0,70,,1658,1,0,38 2 39,0,30,,6727,1,0,38 2 39,0,70,,6726,1,0,38 2 39,0,30,,333,1,0,38 2 39,0,70,,6716,1,0,38 2 39,0,30,,6729,1,0,38 2 39,0,70,,6718,1,0,38 2 39,0,30,,6720,1,0,38 2 39,0,100,,1222,1,0,38 2 39,0
13400,'1',1530,,6950,8,,,0,5,,6951,8,,,0
13401,'1',740,,6952,1,,,0,1,,5010,1,,,0
14200,'1',1611,,6964,16,0,50 103 104 53 3 38,0
