101,'1',535,,480,5,0,40 41 42 43,0,70,,4064,5,0,40 41 42 43,0,30,,4372,5,0,40 41 42 43,0,70,,3886,5,0,40 41 42 43,0,30,,5396,5,0,40 41 42 43,0,70,,1462,5,0,40 41 42 43,0,30,,5399,5,0,40 41 42 43,0,70,,5390,5,0,40 41 42 43,0,30,,5398,5,0,40 41 42 43,0,70,,5394,5,0,40 41 42 43,0,30,,5397,5,0,40 41 42 43,0,70,,5402,5,0,40 41 42 43,0,30,,5403,5,0,40 41 42 43,0,70,,5407,5,0,40 41 42 43,0,30,,5391,5,0,40 41 42 43,0,70,,5389,5,0,40 41 42 43,0,30,,5387,5,0,40 41 42 43,0,70,,5014,5,0,40 41 42 43,0,30,,5401,5,0,40 41 42 43,0,70,,5384,5,0,40 41 42 43,0,30,,5393,5,0,40 41 42 43,0,70,,5406,5,0,40 41 42 43,0,30,,2882,5,0,40 41 42 43,0,70,,5381,5,0,40 41 42 43,0,30,,71,5,0,40 41 42 43,0,70,,5382,5,0,40 41 42 43,0,30,,5388,5,0,40 41 42 43,0,70,,4859,5,0,40 41 42 43,0,30,,5386,5,0,40 41 42 43,0,70,,5395,5,0,40 41 42 43,0,30,,4235,5,0,40 41 42 43,0,70,,1602,5,0,40 41 42 43,0,30,,5392,5,0,40 41 42 43,0,70,,5383,5,0,40 41 42 43,0,30,,5400,5,0,40 41 42 43,0,70,,5404,5,0,40 41 42 43,0,30,,5405,5,0,40 41 42 43,0
101,'2',535,,5410,5,0,40 41 42 43,0,70,,5413,5,0,40 41 42 43,0,30,,5426,5,0,40 41 42 43,0,70,,4211,5,0,40 41 42 43,0,30,,5417,5,0,40 41 42 43,0,70,,5408,5,0,40 41 42 43,0,30,,5425,5,0,40 41 42 43,0,70,,5409,5,0,40 41 42 43,0,30,,5420,5,0,40 41 42 43,0,70,,5267,5,0,40 41 42 43,0,30,,5429,5,0,40 41 42 43,0,70,,5411,5,0,40 41 42 43,0,30,,5432,5,0,40 41 42 43,0,70,,3088,5,0,40 41 42 43,0,30,,5416,5,0,40 41 42 43,0,70,,5423,5,0,40 41 42 43,0,30,,5421,5,0,40 41 42 43,0,70,,5430,5,0,40 41 42 43,0,30,,3947,5,0,40 41 42 43,0,70,,5434,5,0,40 41 42 43,0,30,,3753,5,0,40 41 42 43,0,70,,5424,5,0,40 41 42 43,0,30,,5419,5,0,40 41 42 43,0,70,,5422,5,0,40 41 42 43,0,30,,2754,5,0,40 41 42 43,0,70,,3855,5,0,40 41 42 43,0,30,,5414,5,0,40 41 42 43,0,70,,5415,5,0,40 41 42 43,0,30,,5418,5,0,40 41 42 43,0,70,,5428,5,0,40 41 42 43,0,30,,5412,5,0,40 41 42 43,0,70,,5433,5,0,40 41 42 43,0,30,,4896,5,0,40 41 42 43,0,70,,4605,5,0,40 41 42 43,0,30,,3677,5,0,40 41 42 43,0,70,,3396,5,0,40 41 42 43,0,30,,5431,5,0,40 41 42 43,0
101,'3',835,,5451,5,0,40 41 42 43,0,70,,5446,5,0,40 41 42 43,0,30,,5452,5,0,40 41 42 43,0,70,,5453,5,0,40 41 42 43,0,30,,5437,5,0,40 41 42 43,0,70,,4867,5,0,40 41 42 43,0,30,,5438,5,0,40 41 42 43,0,70,,5441,5,0,40 41 42 43,0,30,,5436,5,0,40 41 42 43,0,70,,4706,5,0,40 41 42 43,0,30,,5445,5,0,40 41 42 43,0,70,,5435,5,0,40 41 42 43,0,30,,5450,5,0,40 41 42 43,0,70,,4452,5,0,40 41 42 43,0,30,,5442,5,0,40 41 42 43,0,70,,5443,5,0,40 41 42 43,0,30,,5448,5,0,40 41 42 43,0,70,,4806,5,0,40 41 42 43,0,30,,5440,5,0,40 41 42 43,0,70,,5447,5,0,40 41 42 43,0,30,,5449,5,0,40 41 42 43,0,70,,5439,5,0,40 41 42 43,0,30,,5444,5,0,40 41 42 43,0
101,'4',535,,5469,5,0,40 41 42 43,0,70,,4813,5,0,40 41 42 43,0,30,,1827,5,0,40 41 42 43,0,70,,5462,5,0,40 41 42 43,0,30,,5480,5,0,40 41 42 43,0,70,,5478,5,0,40 41 42 43,0,30,,5461,5,0,40 41 42 43,0,70,,5456,5,0,40 41 42 43,0,30,,5476,5,0,40 41 42 43,0,70,,5483,5,0,40 41 42 43,0,30,,5471,5,0,40 41 42 43,0,70,,5479,5,0,40 41 42 43,0,30,,3652,5,0,40 41 42 43,0,70,,5477,5,0,40 41 42 43,0,30,,5463,5,0,40 41 42 43,0,70,,3830,5,0,40 41 42 43,0,30,,5472,5,0,40 41 42 43,0,70,,4931,5,0,40 41 42 43,0,30,,170,5,0,40 41 42 43,0,70,,5468,5,0,40 41 42 43,0,30,,5470,5,0,40 41 42 43,0,70,,5481,5,0,40 41 42 43,0,30,,5458,5,0,40 41 42 43,0,70,,5460,5,0,40 41 42 43,0,30,,5482,5,0,40 41 42 43,0,70,,5464,5,0,40 41 42 43,0,30,,5474,5,0,40 41 42 43,0,70,,5457,5,0,40 41 42 43,0,30,,5475,5,0,40 41 42 43,0,70,,5466,5,0,40 41 42 43,0,30,,5459,5,0,40 41 42 43,0,70,,5467,5,0,40 41 42 43,0,30,,5484,5,0,40 41 42 43,0,70,,4469,5,0,40 41 42 43,0,30,,5473,5,0,40 41 42 43,0,70,,5465,5,0,40 41 42 43,0,30,,5455,5,0,40 41 42 43,0
1501,'1',551,,6678,12,0,38 2 39,0,70,,6680,12,0,38 2 39,0,30,,4375,12,0,38 2 39,0,70,,2327,12,0,38 2 39,0,30,,3728,12,0,38 2 39,0,70,,6681,12,0,38 2 39,0,30,,6669,12,0,38 2 39,0,70,,6670,12,0,38 2 39,0,30,,6675,12,0,38 2 39,0,100,,4564,12,0,38 2 39,0,100,,6683,12,0,38 2 39,0,100,,6677,12,0,38 2 39,0,100,,6672,12,0,38 2 39,0,100,,6671,12,0,38 2 39,0,70,,6682,12,0,38 2 39,0,30,,6676,12,0,38 2 39,0,70,,6673,12,0,38 2 39,0,30,,6679,12,0,38 2 39,0,70,,1574,12,0,38 2 39,0,30,,3977,12,0,38 2 39,0,70,,6674,12,0,38 2 39,0,30,,6684,12,0,38 2 39,0,100,,2654,12,0,38 2 39,0
1501,'2',551,,3154,12,0,38 2 39,0,70,,6692,12,0,38 2 39,0,30,,6691,12,0,38 2 39,0,70,,6702,12,0,38 2 39,0,30,,6689,12,0,38 2 39,0,70,,6700,12,0,38 2 39,0,30,,4836,12,0,38 2 39,0,70,,6698,12,0,38 2 39,0,30,,6693,12,0,38 2 39,0,100,,6686,12,0,38 2 39,0,100,,6690,12,0,38 2 39,0,100,,6697,12,0,38 2 39,0,100,,6695,12,0,38 2 39,0,100,,6696,12,0,38 2 39,0,70,,6701,12,0,38 2 39,0,30,,975,12,0,38 2 39,0,70,,6687,12,0,38 2 39,0,30,,6699,12,0,38 2 39,0,70,,6685,12,0,38 2 39,0,30,,5265,12,0,38 2 39,0,70,,3945,12,0,38 2 39,0,30,,6694,12,0,38 2 39,0,100,,6688,12,0,38 2 39,0
1501,'3',852,,4000,12,0,38 2 39,0,100,,6706,12,0,38 2 39,0,100,,6712,12,0,38 2 39,0,100,,6708,12,0,38 2 39,0,100,,6713,12,0,38 2 39,0,100,,6710,12,0,38 2 39,0,100,,6711,12,0,38 2 39,0,100,,6705,12,0,38 2 39,0,100,,6704,12,0,38 2 39,0,100,,6709,12,0,38 2 39,0,100,,6707,12,0,38 2 39,0,100,,6703,12,0,38 2 39,0
1501,'4',551,,6722,12,0,38 2 39,0,70,,6715,12,0,38 2 39,0,30,,432,12,0,38 2 39,0,70,,6721,12,0,38 2 39,0,30,,6728,12,0,38 2 39,0,70,,6723,12,0,38 2 39,0,30,,6725,12,0,38 2 39,0,70,,4472,12,0,38 2 39,0,30,,6714,12,0,38 2 39,0,100,,6717,12,0,38 2 39,0,100,,6724,12,0,38 2 39,0,100,,5037,12,0,38 2 39,0,100,,4023,12,0,38 2 39,0,100,,6719,12,0,38 2 39,0,70,,1658,12,0,38 2 39,0,30,,6727,12,0,38 2 39,0,70,,6726,12,0,38 2 39,0,30,,333,12,0,38 2 39,0,70,,6716,12,0,38 2 39,0,30,,6729,12,0,38 2 39,0,70,,6718,12,0,38 2 39,0,30,,6720,12,0,38 2 39,0,100,,1222,12,0,38 2 39,0
13101,'1',756,,6948,14,,,0
13401,'1',748,,6952,13,,,0,1,,5010,13,,,0
13801,'1',750,,3549,21,,,0
