100,'1',528,,5286,16,4,,0,30,,5296,16,4,,0,70,,5294,16,4,,0,30,,5291,16,4,,0,70,,5290,16,4,,0,30,,5299,16,4,,0,70,,215,16,4,,0,30,,5304,16,4,,0,70,,5301,16,4,,0,30,,5303,16,4,,0,70,,4857,16,4,,0,30,,5280,16,4,,0,70,,5295,16,4,,0,30,,5297,16,4,,0,70,,5288,16,4,,0,30,,5298,16,4,,0,70,,5292,16,4,,0,30,,4363,16,4,,0,70,,5284,16,4,,0,30,,5283,16,4,,0,70,,3885,16,4,,0,30,,5293,16,4,,0,70,,5302,16,4,,0,30,,4632,16,4,,0,70,,2042,16,4,,0,30,,3490,16,4,,0,70,,5281,16,4,,0,30,,5287,16,4,,0,70,,5279,16,4,,0,30,,4777,16,4,,0,70,,5300,16,4,,0,30,,4961,16,4,,0,70,,4638,16,4,,0,30,,5285,16,4,,0,70,,5289,16,4,,0,30,,5282,16,4,,0
100,'2',528,,5326,16,4,,0,30,,5320,16,4,,0,70,,5310,16,4,,0,30,,4998,16,4,,0,70,,5322,16,4,,0,30,,5307,16,4,,0,70,,5329,16,4,,0,30,,5319,16,4,,0,70,,5312,16,4,,0,30,,5309,16,4,,0,70,,5106,16,4,,0,30,,5313,16,4,,0,70,,5308,16,4,,0,30,,5323,16,4,,0,70,,3846,16,4,,0,30,,5324,16,4,,0,70,,2950,16,4,,0,30,,5305,16,4,,0,70,,5318,16,4,,0,30,,5316,16,4,,0,70,,5325,16,4,,0,30,,4954,16,4,,0,70,,5311,16,4,,0,30,,5306,16,4,,0,70,,2823,16,4,,0,30,,5317,16,4,,0,70,,5330,16,4,,0,30,,5315,16,4,,0,70,,5273,16,4,,0,30,,5327,16,4,,0,70,,4196,16,4,,0,30,,4943,16,4,,0,70,,1887,16,4,,0,30,,5328,16,4,,0,70,,5314,16,4,,0,30,,2597,16,4,,0
100,'3',828,,5331,16,4,,0,30,,5336,16,4,,0,70,,5334,16,4,,0,30,,5346,16,4,,0,70,,5350,16,4,,0,30,,5347,16,4,,0,70,,5339,16,4,,0,30,,5342,16,4,,0,70,,4719,16,4,,0,30,,5352,16,4,,0,70,,5340,16,4,,0,30,,5335,16,4,,0,70,,5351,16,4,,0,30,,5348,16,4,,0,70,,5338,16,4,,0,30,,5337,16,4,,0,70,,5343,16,4,,0,30,,5344,16,4,,0,70,,5345,16,4,,0,30,,5349,16,4,,0,70,,5333,16,4,,0,30,,5341,16,4,,0,70,,5332,16,4,,0
100,'4',528,,5380,16,4,,0,30,,5358,16,4,,0,70,,5360,16,4,,0,30,,5364,16,4,,0,70,,2555,16,4,,0,30,,5359,16,4,,0,70,,5372,16,4,,0,30,,5370,16,4,,0,70,,5375,16,4,,0,30,,5371,16,4,,0,70,,5035,16,4,,0,30,,2464,16,4,,0,70,,5373,16,4,,0,30,,4017,16,4,,0,70,,5361,16,4,,0,30,,5357,16,4,,0,70,,5374,16,4,,0,30,,5377,16,4,,0,70,,3121,16,4,,0,30,,5368,16,4,,0,70,,5367,16,4,,0,30,,4878,16,4,,0,70,,5356,16,4,,0,30,,5362,16,4,,0,70,,5353,16,4,,0,30,,5378,16,4,,0,70,,2924,16,4,,0,30,,5355,16,4,,0,70,,5363,16,4,,0,30,,5369,16,4,,0,70,,5379,16,4,,0,30,,4460,16,4,,0,70,,5354,16,4,,0,30,,5366,16,4,,0,70,,5376,16,4,,0,30,,5365,16,4,,0
201,'1',503,,5578,1,0,18,0,30,,5585,1,0,18,0,70,,4691,1,0,18,0,30,,5594,1,0,18,0,70,,5584,1,0,18,0,30,,5598,1,0,18,0,70,,599,1,0,18,0,30,,5599,1,0,18,0,70,,5596,1,0,18,0,30,,588,1,0,18,0,70,,5125,1,0,18,0,30,,5586,1,0,18,0,70,,5595,1,0,18,0,30,,3081,1,0,18,0,70,,4150,1,0,18,0,30,,5600,1,0,18,0,70,,5591,1,0,18,0,30,,5592,1,0,18,0,70,,4572,1,0,18,0,30,,2321,1,0,18,0,70,,5588,1,0,18,0,30,,5601,1,0,18,0,70,,5583,1,0,18,0,30,,5597,1,0,18,0,70,,5582,1,0,18,0,30,,5580,1,0,18,0,70,,5587,1,0,18,0,30,,5590,1,0,18,0,70,,2997,1,0,18,0,30,,5579,1,0,18,0,70,,5593,1,0,18,0,30,,5581,1,0,18,0,70,,5589,1,0,18,0,30,,5602,1,0,18,0,70,,5577,1,0,18,0,30,,5603,1,0,18,0
201,'2',503,,4557,1,0,18,0,30,,5623,1,0,18,0,70,,4672,1,0,18,0,30,,5630,1,0,18,0,70,,5244,1,0,18,0,30,,5611,1,0,18,0,70,,3571,1,0,18,0,30,,5616,1,0,18,0,70,,5625,1,0,18,0,30,,5629,1,0,18,0,70,,5609,1,0,18,0,30,,5627,1,0,18,0,70,,4547,1,0,18,0,30,,5617,1,0,18,0,70,,5618,1,0,18,0,30,,5621,1,0,18,0,70,,5610,1,0,18,0,30,,5615,1,0,18,0,70,,5622,1,0,18,0,30,,5619,1,0,18,0,70,,5613,1,0,18,0,30,,4273,1,0,18,0,70,,5626,1,0,18,0,30,,5628,1,0,18,0,70,,5614,1,0,18,0,30,,4028,1,0,18,0,70,,5604,1,0,18,0,30,,5605,1,0,18,0,70,,251,1,0,18,0,30,,5608,1,0,18,0,70,,5607,1,0,18,0,30,,5624,1,0,18,0,70,,3626,1,0,18,0,30,,5620,1,0,18,0,70,,5606,1,0,18,0,30,,5612,1,0,18,0
201,'3',803,,5640,1,0,18,0,30,,5633,1,0,18,0,70,,5133,1,0,18,0,30,,5645,1,0,18,0,70,,5631,1,0,18,0,30,,5136,1,0,18,0,70,,5651,1,0,18,0,30,,5635,1,0,18,0,70,,5636,1,0,18,0,30,,5634,1,0,18,0,70,,5632,1,0,18,0,30,,5647,1,0,18,0,70,,5639,1,0,18,0,30,,5650,1,0,18,0,70,,5642,1,0,18,0,30,,5638,1,0,18,0,70,,5646,1,0,18,0,30,,5644,1,0,18,0,70,,5637,1,0,18,0,30,,5649,1,0,18,0,70,,5643,1,0,18,0,30,,5648,1,0,18,0,70,,5641,1,0,18,0,30,,1538,1,0,18,0
201,'4',503,,3823,1,0,18,0,30,,5663,1,0,18,0,70,,3060,1,0,18,0,30,,5657,1,0,18,0,70,,5668,1,0,18,0,30,,5661,1,0,18,0,70,,1303,1,0,18,0,30,,5144,1,0,18,0,70,,4533,1,0,18,0,30,,5659,1,0,18,0,70,,5664,1,0,18,0,30,,5674,1,0,18,0,70,,5666,1,0,18,0,30,,5675,1,0,18,0,70,,5671,1,0,18,0,30,,5038,1,0,18,0,70,,5655,1,0,18,0,30,,5653,1,0,18,0,70,,5652,1,0,18,0,30,,2465,1,0,18,0,70,,5658,1,0,18,0,30,,5669,1,0,18,0,70,,4400,1,0,18,0,30,,5676,1,0,18,0,70,,5670,1,0,18,0,30,,5149,1,0,18,0,70,,5656,1,0,18,0,30,,5672,1,0,18,0,70,,3272,1,0,18,0,30,,4335,1,0,18,0,70,,5660,1,0,18,0,30,,5673,1,0,18,0,70,,5654,1,0,18,0,30,,5667,1,0,18,0,70,,5662,1,0,18,0,30,,5665,1,0,18,0
1901,'1',630,,4846,1,,,0,19,,4846,24,4,,0,1,,6922,1,,,0,59,,6922,24,4,,0,11,,6924,1,,,0,19,,6924,24,4,,0,11,,6921,1,,,0,59,,6921,24,4,,0,726,,3895,1,,,0,19,,3895,24,4,,0,51,,6925,1,,,0,19,,6925,24,4,,0,11,,4862,1,,,0,19,,4862,24,4,,0,51,,6923,1,,,0,19,,6923,24,4,,0
1901,'2',630,,6930,1,,,0,19,,6930,24,4,,0,1,,6927,1,,,0,59,,6927,24,4,,0,11,,6928,1,,,0,19,,6928,24,4,,0,11,,5051,1,,,0,59,,5051,24,4,,0,726,,6926,1,,,0,19,,6926,24,4,,0,51,,3084,1,,,0,19,,3084,24,4,,0,11,,6929,1,,,0,19,,6929,24,4,,0,51,,4125,1,,,0,19,,4125,24,4,,0
13801,'1',735,,3549,1,,,0
14100,'1',1605,,4506,9,,,0
