1001,'1',532,,6082,21,0,32,0,70,,6083,21,0,32,0,30,,6088,21,0,32,0,70,,6077,21,0,32,0,30,,6085,21,0,32,0,70,,6086,21,0,32,0,30,,6080,21,0,32,0,70,,6074,21,0,32,0,30,,6081,21,0,32,0,70,,6078,21,0,32,0,30,,6072,21,0,32,0,70,,6068,21,0,32,0,30,,6073,21,0,32,0,70,,5123,21,0,32,0,30,,6070,21,0,32,0,70,,6075,21,0,32,0,30,,2649,21,0,32,0,70,,6092,21,0,32,0,30,,6089,21,0,32,0,70,,2325,21,0,32,0,30,,6071,21,0,32,0,70,,6091,21,0,32,0,30,,6076,21,0,32,0,70,,6090,21,0,32,0,30,,3495,21,0,32,0,70,,6087,21,0,32,0,30,,5229,21,0,32,0,70,,6079,21,0,32,0,30,,6084,21,0,32,0,70,,6069,21,0,32,0
1001,'2',532,,6103,21,0,32,0,70,,6111,21,0,32,0,30,,6113,21,0,32,0,70,,6097,21,0,32,0,30,,6112,21,0,32,0,70,,388,21,0,32,0,30,,6101,21,0,32,0,70,,6100,21,0,32,0,30,,6104,21,0,32,0,70,,4276,21,0,32,0,30,,4681,21,0,32,0,70,,6105,21,0,32,0,30,,6109,21,0,32,0,70,,4750,21,0,32,0,30,,5262,21,0,32,0,70,,6094,21,0,32,0,30,,4760,21,0,32,0,70,,6107,21,0,32,0,30,,6099,21,0,32,0,70,,6110,21,0,32,0,30,,2948,21,0,32,0,70,,6106,21,0,32,0,30,,1278,21,0,32,0,70,,6114,21,0,32,0,30,,6096,21,0,32,0,70,,6108,21,0,32,0,30,,6095,21,0,32,0,70,,6098,21,0,32,0,30,,6093,21,0,32,0,70,,6102,21,0,32,0
1001,'3',902,,6123,21,0,32,0,100,,6126,21,0,32,0,100,,6125,21,0,32,0,100,,6121,21,0,32,0,100,,6118,21,0,32,0,100,,6124,21,0,32,0,100,,6120,21,0,32,0,100,,6119,21,0,32,0,100,,6115,21,0,32,0,100,,6116,21,0,32,0,100,,6117,21,0,32,0,100,,6122,21,0,32,0
1001,'4',532,,4660,21,0,32,0,70,,6133,21,0,32,0,30,,6142,21,0,32,0,70,,6146,21,0,32,0,30,,6143,21,0,32,0,70,,6129,21,0,32,0,30,,6148,21,0,32,0,70,,6144,21,0,32,0,30,,159,21,0,32,0,71,,4736,21,0,32,0,29,,1996,21,0,32,0,70,,6137,21,0,32,0,30,,6139,21,0,32,0,70,,6138,21,0,32,0,30,,6140,21,0,32,0,70,,6127,21,0,32,0,30,,6141,21,0,32,0,70,,566,21,0,32,0,30,,6136,21,0,32,0,70,,6134,21,0,32,0,30,,6145,21,0,32,0,70,,6128,21,0,32,0,30,,4991,21,0,32,0,70,,6149,21,0,32,0,30,,6147,21,0,32,0,70,,6135,21,0,32,0,30,,6130,21,0,32,0,70,,6131,21,0,32,0,30,,4980,21,0,32,0,70,,6132,21,0,32,0
13000,'1',1521,,6942,3,,,0,5,,6944,3,,,0
13100,'1',1523,,6947,3,,,0
13200,'1',1522,,6949,3,0,33,0
13300,'1',1522,,75,3,,,0
13400,'1',1518,,6950,3,,,0,5,,6951,3,,,0
13800,'1',1523,,6958,3,,,0
13900,'1',1523,,6959,3,,,0
