101,'1',521,,5385,8,0,40 41 42 43,0,30,,480,16,0,40 41 42 43,0,70,,4064,16,0,40 41 42 43,0,30,,4372,16,0,40 41 42 43,0,70,,3886,16,0,40 41 42 43,0,30,,5396,16,0,40 41 42 43,0,70,,1462,16,0,40 41 42 43,0,30,,5399,16,0,40 41 42 43,0,70,,5390,16,0,40 41 42 43,0,30,,5398,16,0,40 41 42 43,0,70,,5394,16,0,40 41 42 43,0,30,,5397,16,0,40 41 42 43,0,70,,5402,16,0,40 41 42 43,0,30,,5403,16,0,40 41 42 43,0,70,,5407,16,0,40 41 42 43,0,30,,5391,16,0,40 41 42 43,0,70,,5389,16,0,40 41 42 43,0,30,,5387,16,0,40 41 42 43,0,70,,5014,16,0,40 41 42 43,0,30,,5401,16,0,40 41 42 43,0,70,,5384,16,0,40 41 42 43,0,30,,5393,16,0,40 41 42 43,0,70,,5406,16,0,40 41 42 43,0,30,,2882,16,0,40 41 42 43,0,70,,5381,16,0,40 41 42 43,0,30,,71,16,0,40 41 42 43,0,70,,5382,16,0,40 41 42 43,0,30,,5388,16,0,40 41 42 43,0,70,,4859,16,0,40 41 42 43,0,30,,5386,16,0,40 41 42 43,0,70,,5395,16,0,40 41 42 43,0,30,,4235,16,0,40 41 42 43,0,70,,1602,16,0,40 41 42 43,0,30,,5392,16,0,40 41 42 43,0,70,,5383,16,0,40 41 42 43,0,30,,5400,16,0,40 41 42 43,0,70,,5404,16,0,40 41 42 43,0
101,'2',521,,5427,8,0,40 41 42 43,0,30,,5410,16,0,40 41 42 43,0,70,,5413,16,0,40 41 42 43,0,30,,5426,16,0,40 41 42 43,0,70,,4211,16,0,40 41 42 43,0,30,,5417,16,0,40 41 42 43,0,70,,5408,16,0,40 41 42 43,0,30,,5425,16,0,40 41 42 43,0,70,,5409,16,0,40 41 42 43,0,30,,5420,16,0,40 41 42 43,0,70,,5267,16,0,40 41 42 43,0,30,,5429,16,0,40 41 42 43,0,70,,5411,16,0,40 41 42 43,0,30,,5432,16,0,40 41 42 43,0,70,,3088,16,0,40 41 42 43,0,30,,5416,16,0,40 41 42 43,0,70,,5423,16,0,40 41 42 43,0,30,,5421,16,0,40 41 42 43,0,70,,5430,16,0,40 41 42 43,0,30,,3947,16,0,40 41 42 43,0,70,,5434,16,0,40 41 42 43,0,30,,3753,16,0,40 41 42 43,0,70,,5424,16,0,40 41 42 43,0,30,,5419,16,0,40 41 42 43,0,70,,5422,16,0,40 41 42 43,0,30,,2754,16,0,40 41 42 43,0,70,,3855,16,0,40 41 42 43,0,30,,5414,16,0,40 41 42 43,0,70,,5415,16,0,40 41 42 43,0,30,,5418,16,0,40 41 42 43,0,70,,5428,16,0,40 41 42 43,0,30,,5412,16,0,40 41 42 43,0,70,,5433,16,0,40 41 42 43,0,30,,4896,16,0,40 41 42 43,0,70,,4605,16,0,40 41 42 43,0,30,,3677,16,0,40 41 42 43,0,70,,3396,16,0,40 41 42 43,0
101,'3',821,,4871,8,0,40 41 42 43,0,30,,5451,16,0,40 41 42 43,0,70,,5446,16,0,40 41 42 43,0,30,,5452,16,0,40 41 42 43,0,70,,5453,16,0,40 41 42 43,0,30,,5437,16,0,40 41 42 43,0,70,,4867,16,0,40 41 42 43,0,30,,5438,16,0,40 41 42 43,0,70,,5441,16,0,40 41 42 43,0,30,,5436,16,0,40 41 42 43,0,70,,4706,16,0,40 41 42 43,0,30,,5445,16,0,40 41 42 43,0,70,,5435,16,0,40 41 42 43,0,30,,5450,16,0,40 41 42 43,0,70,,4452,16,0,40 41 42 43,0,30,,5442,16,0,40 41 42 43,0,70,,5443,16,0,40 41 42 43,0,30,,5448,16,0,40 41 42 43,0,70,,4806,16,0,40 41 42 43,0,30,,5440,16,0,40 41 42 43,0,70,,5447,16,0,40 41 42 43,0,30,,5449,16,0,40 41 42 43,0,70,,5439,16,0,40 41 42 43,0,30,,5444,16,0,40 41 42 43,0
101,'4',521,,5454,8,0,40 41 42 43,0,30,,5469,16,0,40 41 42 43,0,70,,4813,16,0,40 41 42 43,0,30,,1827,16,0,40 41 42 43,0,70,,5462,16,0,40 41 42 43,0,30,,5480,16,0,40 41 42 43,0,70,,5478,16,0,40 41 42 43,0,30,,5461,16,0,40 41 42 43,0,70,,5456,16,0,40 41 42 43,0,30,,5476,16,0,40 41 42 43,0,70,,5483,16,0,40 41 42 43,0,30,,5471,16,0,40 41 42 43,0,70,,5479,16,0,40 41 42 43,0,30,,3652,16,0,40 41 42 43,0,70,,5477,16,0,40 41 42 43,0,30,,5463,16,0,40 41 42 43,0,70,,3830,16,0,40 41 42 43,0,30,,5472,16,0,40 41 42 43,0,70,,4931,16,0,40 41 42 43,0,30,,170,16,0,40 41 42 43,0,70,,5468,16,0,40 41 42 43,0,30,,5470,16,0,40 41 42 43,0,70,,5481,16,0,40 41 42 43,0,30,,5458,16,0,40 41 42 43,0,70,,5460,16,0,40 41 42 43,0,30,,5482,16,0,40 41 42 43,0,70,,5464,16,0,40 41 42 43,0,30,,5474,16,0,40 41 42 43,0,70,,5457,16,0,40 41 42 43,0,30,,5475,16,0,40 41 42 43,0,70,,5466,16,0,40 41 42 43,0,30,,5459,16,0,40 41 42 43,0,70,,5467,16,0,40 41 42 43,0,30,,5484,16,0,40 41 42 43,0,70,,4469,16,0,40 41 42 43,0,30,,5473,16,0,40 41 42 43,0,70,,5465,16,0,40 41 42 43,0
201,'1',534,,5578,39,0,18,0,70,,5585,39,0,18,0,30,,4691,39,0,18,0,70,,5594,39,0,18,0,30,,5584,39,0,18,0,70,,5598,39,0,18,0,30,,599,39,0,18,0,70,,5599,39,0,18,0,30,,5596,39,0,18,0,70,,588,39,0,18,0,30,,5125,39,0,18,0,70,,5586,39,0,18,0,30,,5595,39,0,18,0,70,,3081,39,0,18,0,30,,4150,39,0,18,0,70,,5600,39,0,18,0,30,,5591,39,0,18,0,70,,5592,39,0,18,0,30,,4572,39,0,18,0,70,,2321,39,0,18,0,30,,5588,39,0,18,0,70,,5601,39,0,18,0,30,,5583,39,0,18,0,70,,5597,39,0,18,0,30,,5582,39,0,18,0,70,,5580,39,0,18,0,30,,5587,39,0,18,0,70,,5590,39,0,18,0,30,,2997,39,0,18,0,70,,5579,39,0,18,0,30,,5593,39,0,18,0,70,,5581,39,0,18,0,30,,5589,39,0,18,0,70,,5602,39,0,18,0,30,,5577,39,0,18,0,70,,5603,39,0,18,0
201,'2',534,,4557,39,0,18,0,70,,5623,39,0,18,0,30,,4672,39,0,18,0,70,,5630,39,0,18,0,30,,5244,39,0,18,0,70,,5611,39,0,18,0,30,,3571,39,0,18,0,70,,5616,39,0,18,0,30,,5625,39,0,18,0,70,,5629,39,0,18,0,30,,5609,39,0,18,0,70,,5627,39,0,18,0,30,,4547,39,0,18,0,70,,5617,39,0,18,0,30,,5618,39,0,18,0,70,,5621,39,0,18,0,30,,5610,39,0,18,0,70,,5615,39,0,18,0,30,,5622,39,0,18,0,70,,5619,39,0,18,0,30,,5613,39,0,18,0,70,,4273,39,0,18,0,30,,5626,39,0,18,0,70,,5628,39,0,18,0,30,,5614,39,0,18,0,70,,4028,39,0,18,0,30,,5604,39,0,18,0,70,,5605,39,0,18,0,30,,251,39,0,18,0,70,,5608,39,0,18,0,30,,5607,39,0,18,0,70,,5624,39,0,18,0,30,,3626,39,0,18,0,70,,5620,39,0,18,0,30,,5606,39,0,18,0,70,,5612,39,0,18,0
201,'3',834,,5640,39,0,18,0,70,,5633,39,0,18,0,30,,5133,39,0,18,0,70,,5645,39,0,18,0,30,,5631,39,0,18,0,70,,5136,39,0,18,0,30,,5651,39,0,18,0,70,,5635,39,0,18,0,30,,5636,39,0,18,0,70,,5634,39,0,18,0,30,,5632,39,0,18,0,70,,5647,39,0,18,0,30,,5639,39,0,18,0,70,,5650,39,0,18,0,30,,5642,39,0,18,0,70,,5638,39,0,18,0,30,,5646,39,0,18,0,70,,5644,39,0,18,0,30,,5637,39,0,18,0,70,,5649,39,0,18,0,30,,5643,39,0,18,0,70,,5648,39,0,18,0,30,,5641,39,0,18,0,70,,1538,39,0,18,0
201,'4',534,,3823,39,0,18,0,70,,5663,39,0,18,0,30,,3060,39,0,18,0,70,,5657,39,0,18,0,30,,5668,39,0,18,0,70,,5661,39,0,18,0,30,,1303,39,0,18,0,70,,5144,39,0,18,0,30,,4533,39,0,18,0,70,,5659,39,0,18,0,30,,5664,39,0,18,0,70,,5674,39,0,18,0,30,,5666,39,0,18,0,70,,5675,39,0,18,0,30,,5671,39,0,18,0,70,,5038,39,0,18,0,30,,5655,39,0,18,0,70,,5653,39,0,18,0,30,,5652,39,0,18,0,70,,2465,39,0,18,0,30,,5658,39,0,18,0,70,,5669,39,0,18,0,30,,4400,39,0,18,0,70,,5676,39,0,18,0,30,,5670,39,0,18,0,70,,5149,39,0,18,0,30,,5656,39,0,18,0,70,,5672,39,0,18,0,30,,3272,39,0,18,0,70,,4335,39,0,18,0,30,,5660,39,0,18,0,70,,5673,39,0,18,0,30,,5654,39,0,18,0,70,,5667,39,0,18,0,30,,5662,39,0,18,0,70,,5665,39,0,18,0
301,'1',533,,5748,19,0,65 2 64,0,70,,4629,19,0,65 2 64,0,30,,5759,19,0,65 2 64,0,70,,5767,19,0,65 2 64,0,30,,5753,19,0,65 2 64,0,70,,5745,19,0,65 2 64,0,30,,5770,19,0,65 2 64,0,70,,5747,19,0,65 2 64,0,30,,4500,19,0,65 2 64,0,70,,3009,19,0,65 2 64,0,30,,5746,19,0,65 2 64,0,70,,5766,19,0,65 2 64,0,30,,2239,19,0,65 2 64,0,70,,3878,19,0,65 2 64,0,30,,5749,19,0,65 2 64,0,70,,5769,19,0,65 2 64,0,30,,5755,19,0,65 2 64,0,70,,5768,19,0,65 2 64,0,30,,5752,19,0,65 2 64,0,70,,5763,19,0,65 2 64,0,30,,5758,19,0,65 2 64,0,70,,5765,19,0,65 2 64,0,30,,3190,19,0,65 2 64,0,70,,5760,19,0,65 2 64,0,30,,5757,19,0,65 2 64,0,70,,5744,19,0,65 2 64,0,30,,5756,19,0,65 2 64,0,70,,5750,19,0,65 2 64,0,30,,5762,19,0,65 2 64,0,70,,3969,19,0,65 2 64,0,30,,5761,19,0,65 2 64,0,100,,5764,19,0,65 2 64,0,100,,5754,19,0,65 2 64,0,100,,5751,19,0,65 2 64,0
301,'2',533,,5777,19,0,65 2 64,0,70,,5793,19,0,65 2 64,0,30,,5785,19,0,65 2 64,0,70,,5790,19,0,65 2 64,0,30,,5786,19,0,65 2 64,0,70,,3951,19,0,65 2 64,0,30,,5780,19,0,65 2 64,0,70,,5789,19,0,65 2 64,0,30,,5787,19,0,65 2 64,0,70,,5781,19,0,65 2 64,0,30,,5782,19,0,65 2 64,0,70,,5778,19,0,65 2 64,0,30,,5792,19,0,65 2 64,0,70,,4754,19,0,65 2 64,0,30,,5771,19,0,65 2 64,0,70,,3558,19,0,65 2 64,0,30,,4606,19,0,65 2 64,0,70,,5774,19,0,65 2 64,0,30,,5779,19,0,65 2 64,0,70,,2752,19,0,65 2 64,0,30,,5784,19,0,65 2 64,0,70,,5772,19,0,65 2 64,0,30,,3393,19,0,65 2 64,0,70,,5773,19,0,65 2 64,0,30,,4546,19,0,65 2 64,0,70,,5776,19,0,65 2 64,0,30,,5775,19,0,65 2 64,0,70,,5198,19,0,65 2 64,0,30,,4136,19,0,65 2 64,0,70,,5783,19,0,65 2 64,0,30,,5232,19,0,65 2 64,0,100,,5788,19,0,65 2 64,0,100,,5791,19,0,65 2 64,0,100,,5794,19,0,65 2 64,0
301,'3',833,,5798,19,0,65 2 64,0,100,,5805,19,0,65 2 64,0,100,,4712,19,0,65 2 64,0,100,,5797,19,0,65 2 64,0,100,,5803,19,0,65 2 64,0,100,,5802,19,0,65 2 64,0,100,,5796,19,0,65 2 64,0,100,,5801,19,0,65 2 64,0,100,,5799,19,0,65 2 64,0,100,,5804,19,0,65 2 64,0,100,,5795,19,0,65 2 64,0,100,,5800,19,0,65 2 64,0
301,'4',533,,5825,19,0,65 2 64,0,70,,567,19,0,65 2 64,0,30,,5810,19,0,65 2 64,0,70,,5820,19,0,65 2 64,0,30,,3706,19,0,65 2 64,0,70,,5808,19,0,65 2 64,0,30,,5828,19,0,65 2 64,0,70,,5830,19,0,65 2 64,0,30,,5822,19,0,65 2 64,0,70,,5833,19,0,65 2 64,0,30,,5819,19,0,65 2 64,0,70,,5812,19,0,65 2 64,0,30,,5807,19,0,65 2 64,0,70,,5816,19,0,65 2 64,0,30,,5827,19,0,65 2 64,0,70,,2111,19,0,65 2 64,0,30,,5814,19,0,65 2 64,0,70,,5811,19,0,65 2 64,0,30,,5823,19,0,65 2 64,0,70,,3046,19,0,65 2 64,0,30,,4394,19,0,65 2 64,0,70,,5826,19,0,65 2 64,0,30,,5824,19,0,65 2 64,0,70,,5831,19,0,65 2 64,0,30,,5815,19,0,65 2 64,0,70,,5829,19,0,65 2 64,0,30,,5809,19,0,65 2 64,0,70,,5832,19,0,65 2 64,0,30,,5821,19,0,65 2 64,0,70,,5813,19,0,65 2 64,0,30,,5818,19,0,65 2 64,0,100,,5806,19,0,65 2 64,0,100,,4319,19,0,65 2 64,0,100,,5817,19,0,65 2 64,0
15100,'1',1553,,6973,13,0,20,0
15101,'1',815,,6974,1,0,75 1 76,0
