1,100,'1',5279,3490,5280,5281,5282,4363,4777,5283,5284,5285,5286,5287,5288,5289,5290,3885,5291,5292,215,5293,4961,5294,5295,5296,4632,5297,5298,5299,5300,5301,4857,2042,5302,4637,5303,4638,5304
1,100,'2',5305,5306,4196,3846,5307,5308,5309,5310,2950,4998,2823,4943,5311,5312,5313,5106,5314,5315,5316,5317,5318,5319,5320,5321,5322,2597,5323,5324,1887,5325,5326,5327,5328,5329,5273,5330,4954
1,100,'3',5331,5332,5333,5334,5335,5336,5337,5338,5339,5340,5341,5342,5343,5344,5345,5346,5347,5348,4719,5349,5350,5351,5352
1,100,'4',5353,5354,4320,5355,5356,5357,4878,3121,5358,5359,4460,5360,2464,5361,5362,5363,5364,5365,5366,5367,5368,5369,5370,5035,5371,2555,5372,5373,4017,5374,5375,5376,5377,2924,5378,5379,5380
1,101,'1',5381,5382,71,5383,5384,5385,480,5386,1462,5387,5388,5389,5390,5391,5392,5393,5394,5395,5396,5397,5398,5399,5400,5401,4064,3886,5014,5402,5403,5404,4372,4235,5405,5406,2882,4859,1602,5407
1,101,'2',4605,3677,5408,5409,5410,3088,3947,5411,5412,5267,5413,5414,5415,2754,3855,5416,5417,5418,5419,5420,5421,5422,5423,5424,5425,3396,5426,5427,5428,4896,4211,3753,5429,5430,5431,5432,5433,5434
1,101,'3',5435,5436,5437,5438,5439,5440,4706,5441,5442,5443,4867,5444,5445,5446,5447,5448,5449,5450,4452,5451,4871,5452,4806,5453
1,101,'4',5454,5455,1827,4931,5456,5457,5458,5459,5460,4813,5461,5462,170,5463,3830,5464,5465,5466,5467,5468,5469,5470,5471,5472,5473,5474,3652,5475,5476,4469,5477,5478,5479,5480,5481,5482,5483,5484
2,200,'1',3597,4054,5485,5486,5487,5488,5489,3973,4433,4366,2575,5490,3001,5491,5492,5493,5062,5494,5495,5496,5497,5498,5499,5500,4438,5501,5502,5503,5504,5505,5506,5507,5508,5509,2743,4301,5510
2,200,'2',4339,4274,1874,5243,5260,4417,2215,3303,5511,5512,5513,3565,5514,5515,5516,4419,5517,3955,5518,5519,5520,2892,5521,5522,5523,5524,5525,5526,5527,3224,5114,5528,5529,4142,5530,638,4289
2,200,'3',5531,5532,5533,5534,5535,5536,5537,5538,5539,5540,5541,5542,5543,5544,5545,5546,5547,5548,5549,5550,5551,2971,5552,3817
2,200,'4',5553,4729,5554,4179,4008,1994,5555,5556,5557,5558,3348,5559,5560,5561,5562,5563,5564,5565,5566,5567,5568,5569,1216,3928,5570,4540,5571,4018,5572,5573,2793,5574,5575,912,5576,4407,4025
2,201,'1',5577,5578,5579,4691,5580,2997,5581,4150,5582,2321,5583,588,5584,5585,5586,5587,5588,5589,5590,5591,5592,5593,5594,5595,5596,5597,5598,5599,5600,5601,5125,599,5602,3081,5603,4572
2,201,'2',4028,5604,4672,4273,5605,4547,5606,5607,5608,5609,5610,5611,5612,5613,5614,5615,5616,5617,5618,5619,5620,5621,5622,5623,251,5624,5625,3626,5626,5627,5244,3571,5628,5629,4557,5630
2,201,'3',5631,5632,5633,5634,5635,5636,5637,5638,5639,5640,5641,5642,5643,5644,5645,5646,5647,5648,5133,5649,5650,5651,5136,1538
2,201,'4',5652,3823,1303,5653,5654,5655,4533,5656,5657,5658,5659,5144,2465,5660,5661,5662,5663,5664,5665,5666,5667,5668,5669,5670,5671,5672,5673,5038,4400,5674,5675,5149,3272,5676,3060,4335
3,300,'1',4496,5677,2482,2931,2484,5678,2122,5679,5680,5681,3879,5682,5683,2807,3978,2283,5684,5685,5686,5687,5688,4960,5689,2134,5690,5691,5188,2289,5692,5693,5194,3294
3,300,'2',5694,5695,4748,2885,5696,4033,5697,2509,5698,5699,3097,4129,5700,5701,5702,5703,5704,5705,5706,5707,4039,5708,3861,123,4138,5709,4424,5710,5711,2767,3754,3229
3,300,'3',5712,5713,5714,5715,5716,5717,5718,5719,5720,5721,2973,5722
3,300,'4',4388,4013,3920,5723,5724,5725,5726,5727,5728,5729,5730,5731,3834,5732,5733,5734,5735,4659,5736,3926,3177,5737,4741,5738,2862,5739,5740,5741,5742,4404,5743,4338
3,301,'1',5744,5745,3190,5746,3969,5747,4500,5748,3878,4629,5749,5750,5751,5752,5753,5754,5755,5756,5757,5758,5759,5760,5761,5762,2239,5763,5764,5765,5766,3009,5767,5768,5769,5770
3,301,'2',3558,5771,4606,5198,5772,5773,5774,5775,4546,4754,5776,3951,5777,2752,5778,5779,5780,5781,5782,5783,5784,5785,5786,3393,5787,5788,5789,5790,4136,5791,5232,5792,5793,5794
3,301,'3',5795,5796,5797,5798,4712,5799,5800,5801,5802,5803,5804,5805
3,301,'4',4319,5806,3046,5807,5808,5809,5810,5811,5812,5813,3706,5814,4394,5815,5816,5817,5818,5819,5820,5821,5822,5823,5824,5825,567,5826,5827,5828,2111,5829,5830,5831,5832,5833
4,400,'1',5834,5835,5211,3789,3875,5836,923,5180,5837,4693,5838,5839,5840,5841,5842,5843,5844,3137,4695,5845,5846,5847,5848,3500,5849,4514,5850,3983,5851,5852,5853,5854,5855,5856
4,400,'2',5857,5858,5859,5860,5861,3562,5242,4548,5862,5863,5864,5865,5866,5867,5868,5869,5870,5871,5872,5873,5874,5875,5876,5877,5248,3864,5878,4684,5879,640,5880,5881,3963,3964
4,400,'3',5882,3406,5883,5070,5884,5885,5886,3808,5887,5888,5889,5890,5891
4,400,'4',299,4252,4178,3582,5892,3919,5893,3257,5894,5895,5896,5897,5898,5899,5900,5901,5902,5903,5904,4881,2635,5092,3927,5905,5906,2983,5907,4332,5908,5909,3935,4668,4337,5910
4,401,'1',3364,5911,4297,5912,5913,5914,5915,5916,5917,5918,5919,5920,5921,5922,5923,5924,5925,2255,3786,5926,5927,4156,4853,5928,5189,5929,5930,5931,5932,5933,5067,5934,5935,5936
4,401,'2',5937,4889,5938,5939,3946,4413,4479,2217,4827,5940,5941,4204,5942,5943,5944,5945,5946,5947,5948,5949,5950,5951,5952,2512,5109,4893,5168,5953,5954,5955,2172,5254,3101,5956
4,401,'3',5957,5958,5959,5960,5961,5962,5963,5964,4798,4725,5965,5966
4,401,'4',4176,5967,5968,3825,4730,5969,5970,5971,5972,5973,5974,5975,4260,5976,5977,5978,5979,5980,5981,5982,5983,3485,5984,5985,3056,5986,4114,4019,5987,5988,5989,4192,5990,5991
10,1000,'1',5006,5992,5993,4559,2276,5177,4563,5994,5995,4061,4850,5996,5997,5998,5999,6000,6001,6002,6003,4157,6004,2809,5064,6005,6006,2812,6007,2410,4636,6008,6009
10,1000,'2',723,6010,2421,4609,6011,6012,6013,6014,6015,4036,6016,4280,6017,6018,6019,6020,6021,6022,6023,6024,6025,4895,5259,6026,5112,6027,4555,6028,866,6029,6030
10,1000,'3',6031,6032,4381,6033,6034,6035,6036,3521,6037,6038,6039,6040
10,1000,'4',6041,6042,6043,6044,4103,6045,6046,2631,6047,6048,6049,6050,6051,6052,6053,6054,6055,6056,6057,6058,6059,6060,6061,6062,2918,4262,6063,6064,6065,6066,6067
10,1001,'1',6068,2649,6069,6070,5229,3495,6071,6072,6073,6074,6075,6076,6077,6078,6079,2325,6080,6081,6082,6083,6084,5123,6085,6086,6087,6088,6089,6090,6091,6092
10,1001,'2',6093,4750,6094,2948,4276,6095,388,6096,6097,6098,6099,6100,6101,6102,6103,6104,6105,6106,6107,6108,5262,6109,6110,4760,4681,6111,1278,6112,6113,6114
10,1001,'3',6115,6116,6117,6118,6119,6120,6121,6122,6123,6124,6125,6126
10,1001,'4',159,4980,6127,6128,1996,6129,6130,4736,6131,6132,6133,6134,6135,6136,6137,6138,6139,6140,6141,6142,6143,4660,6144,566,6145,6146,6147,6148,4991,6149
11,1100,'1',6150,3365,6151,6152,6153,6154,6155,6156,6157,6158,6159,6160,6161,6162,6163,6164,6165,2578,6166,6167,6168,3142,6169,6170,6171,6172,3144,6173,1256
11,1100,'2',5196,6174,4410,6175,6176,6177,6178,6179,6180,6181,6182,6183,6184,6185,6186,6187,1799,6188,5165,4487,5204,6189,6190,4897,5206,6191,1512,4686,4218
11,1100,'3',6192,6193,6194,6195,6196,6197,6198,4799,3812,6199,6200,5135
11,1100,'4',6201,6202,6203,6204,6205,6206,3707,6207,5089,3482,6208,6209,6210,6211,6212,4536,6213,6214,6215,6216,6217,4327,6218,2920,6219,6220,6221,6222,6223
11,1101,'1',6224,2933,6225,6226,6227,6228,4226,592,3497,6229,6230,6231,6232,6233,6234,6235,6236,6237,6238,6239,6240,6241,6242,6243,6244,4633,6245,6246,3381
11,1101,'2',6247,6248,2331,4121,6249,5275,6250,5162,6251,6252,6253,6254,6255,6256,3023,6257,6258,6259,6260,6261,6262,6263,6264,6265,6266,5113,4494,6267,4953
11,1101,'3',6268,6269,6270,4790,3805,6271,6272,6273,6274,6275,6276,4251
11,1101,'4',6277,3641,6278,3256,5141,3646,6279,6280,6281,6282,6283,6284,6285,6286,6287,1109,6288,6289,1560,4538,4819,2470,6290,6291,3178,6292,6293,6294,4603
12,1200,'1',5005,4053,4144,4687,2389,6295,6296,6297,6298,2257,4058,6299,4630,6300,6301,3767,6302,6303,6304,6305,6306,6307,4508,4566,6308,6309,6310,6311,4070,6312,2584,6313,3380
12,1200,'2',4120,6314,4671,6315,1956,5199,6316,6317,5163,5238,6318,6319,6320,6321,6322,6323,6324,6325,6326,6327,6328,4350,6329,6330,6331,4490,6332,1806,5277,6333,6334,861,4215
12,1200,'3',6335,6336,6337,6338,6339,4308,4380,6340,6341,6342,6343,6344,6345,6346,6347,6348,6349,2700,6350,6351,4247,3997,6352,6353,6354,4726,3916
12,1200,'4',5029,6355,6356,6357,4182,6358,6359,6360,6361,6362,6363,6364,6365,6366,6367,6368,4464,6369,6370,6371,6372,1670,6373,3712,6374,5040,6375,6376,4743,6377,6378,6379,6380
12,1201,'1',6381,6382,4776,346,6383,6384,6385,6386,6387,6388,6389,6390,6391,6392,6393,6394,6395,6396,6397,3434,704,6398,6399,6400,6401,6402,6403,6404,6405,6406,4786,2500,6407
12,1201,'2',6408,3083,6409,3087,6410,2334,6411,6412,6413,6414,6415,6416,6417,6418,6419,6420,6421,6422,394,6423,5166,6424,6425,6426,6427,6428,2517,4214,3158,6429,4049,6430,4556
12,1201,'3',6431,6432,6433,6434,4709,6435,6436,6437,6438,6439,6440,6441,6442,6443,6444,6445,6446,6447,6448,6449,6450,6451,6452,6453,6454,6455,4250
12,1201,'4',6456,6457,6458,6459,6460,4012,6461,6462,6463,6464,6465,6466,6467,6468,6469,6470,6471,6472,6473,6474,6475,6476,6477,5036,6478,6479,2381,6480,6481,2013,6482,4406,4270
13,1300,'1',6483,6484,6485,6486,6487,6488,6489,2574,4778,6490,6491,6492,2736,6493,6494,6495,6496,6497,4441,2405,3499,6498,4370,6499,6500
13,1300,'2',3939,101,6501,4277,4611,4675,4035,6502,6503,6504,6505,6506,6507,6508,6509,6510,6511,6512,6513,4617,6514,6515,6516,6517,6518
13,1300,'3',6519,6520,6521,6522,6523,6524,6525,6526,4796,6527,4092,6528
13,1300,'4',6529,4014,5033,448,2856,6530,6531,6532,6533,6534,6535,6536,6537,6538,6539,3127,6540,4402,6541,6542,6543,6544,4602,3541,3938
13,1301,'1',6545,1035,6546,6547,2324,6548,5183,6549,6550,6551,6552,6553,6554,6555,5216,6556,6557,4299,4854,6558,5192,6559,6560,6561,6562
13,1301,'2',6563,6564,6565,6566,6567,4477,6568,6569,6570,6571,6572,6573,6574,6575,6576,3956,6577,3221,4758,4285,6578,6579,6580,4288,6581
13,1301,'3',6582,6583,4711,6584,4972,6585,6586,6587,6588,3996,6589,6590
13,1301,'4',6591,6592,4324,6593,6594,4814,6595,6596,6597,6598,6599,6600,6601,6602,1316,5094,3839,6603,6604,6605,6606,6607,1126,6608,6609
15,1500,'1',4148,6610,5118,6611,6612,927,6613,6614,6615,4959,6616,6617,6618,6619,6620,4565,6621,6622,4065,6623,6624,6625,6626
15,1500,'2',1790,6627,3847,5100,6628,6629,6630,6631,6632,6633,6634,1069,4421,5167,6635,6636,6637,3627,6638,4425,2963,6639,6640
15,1500,'3',6641,6642,6643,6644,6645,6646,4868,6647,6648,6649,6650,6651
15,1500,'4',6652,6653,3821,6654,4932,2914,6655,6656,6657,6658,6659,6660,6661,6662,6663,6664,6665,4665,6666,6667,6668,2865,4118
15,1501,'1',6669,1574,6670,6671,2654,6672,6673,6674,3977,6675,6676,6677,6678,3728,6679,6680,6681,4564,6682,6683,2327,6684,4375
15,1501,'2',6685,6686,3945,6687,6688,6689,6690,6691,6692,6693,6694,6695,6696,6697,6698,6699,5265,6700,3154,975,4836,6701,6702
15,1501,'3',6703,6704,6705,6706,6707,6708,6709,6710,6711,6712,6713,4000
15,1501,'4',432,6714,6715,6716,1658,6717,6718,6719,6720,6721,5037,6722,6723,6724,1222,4023,6725,6726,4472,6727,333,6728,6729
16,1600,'1',6730,4220,4362,6731,6732,6733,4627,6734,4056,6735,6736,4503,6737,6738,6739,6740,6741,6742,6743,6744,6745,6746,6747,6748,5217,4159,2811,6749,6750,6751
16,1600,'2',4607,615,6752,6753,6754,6755,6756,6757,6758,6759,6760,6761,6762,3683,6763,6764,6765,2511,6766,6767,4892,6768,2224,6769,6770,2895,6771,6772,5246,6773
16,1600,'3',6774,4707,6775,6776,6777,6778,6779,6780,6781,6782,6783,6784
16,1600,'4',6785,3171,6786,4531,6787,6788,4395,6789,6790,6791,6792,6793,6794,6795,6796,6797,6798,3128,4187,6799,6800,6801,6802,6803,6804,6805,6806,6807,6808,1570
16,1601,'1',6809,1332,6810,6811,1935,6812,1142,6813,6814,6815,6816,6817,6818,6819,6820,6821,6822,6823,6824,6825,6826,6827,6828,6829,6830,6831,3791,6832,5221,4073
16,1601,'2',6833,6834,4341,1063,6835,6836,512,6837,6838,6839,6840,6841,6842,6843,6844,6845,6846,6847,6848,6849,4488,4045,6850,4212,4352,6851,4493,4217,4898,6852
16,1601,'3',6853,6854,6855,6856,6857,6858,6859,6860,6861,6862,6863,5137
16,1601,'4',4096,6864,6865,6866,6867,4254,2372,6868,4655,6869,6870,3828,6871,6872,6873,6874,6875,6876,6877,5147,6878,4401,6879,4821,4022,6880,6881,6882,3359,4604
18,1800,'1',2492,1159
18,1800,'2',6883,4894
18,1801,'1',6884,6885,6886,5176,6887,6888,4222,6889,3882,6890,6891,6892,6893,6894,6895,6896,2665,6897,3285,6898,6899,6900,6901,6902,6903,6904
18,1801,'2',6905,6906,4345,6907,3388,6908,4282,3744,6909,6910,6911,6912,6913,6914,6915,6916,6917,6918,6919,3684,526,3958,4759,6920,2519
19,1901,'1',6921,4846,6922,6923,6924,6925,3895,4862
19,1901,'2',3084,4125,6926,6927,6928,6929,5051,6930
111,11100,'1',6931
111,11101,'1',4966
112,11200,'1',6932
112,11201,'1',214
113,11300,'1',6933
113,11301,'1',6934
120,12000,'1',3974
120,12001,'1',6935
121,12100,'1',6936
121,12101,'1',6937
122,12200,'1',6938
122,12201,'1',6939
123,12300,'1',6940
123,12301,'1',6941
130,13000,'1',6942,6943,6944
130,13001,'1',6945,6946
131,13100,'1',6947
131,13101,'1',6948
132,13200,'1',6949
132,13201,'1',3614
133,13300,'1',75
133,13301,'1',5061,3601
134,13400,'1',6950,6951
134,13401,'1',5010,6952
135,13500,'1',6953
135,13501,'1',6954
136,13600,'1',6955
136,13601,'1',3774
137,13700,'1',6956
137,13701,'1',6957
138,13800,'1',6958
138,13801,'1',3549
139,13900,'1',6959
139,13901,'1',6960
140,14000,'1',5008
140,14001,'1',6961
141,14100,'1',4506
141,14101,'1',6962,6963
142,14200,'1',6964
142,14201,'1',6965
143,14300,'1',2487
143,14301,'1',6966
144,14400,'1',6967
144,14401,'1',6968
150,15000,'1',6969
150,15001,'1',6970,6971,6972
151,15100,'1',6973
151,15101,'1',6974
152,15200,'1',6975
152,15201,'1',6976,4690
153,15300,'1',4962
153,15301,'1',3880
154,15400,'1',6977
154,15401,'1',6978
160,16001,'1',6979
