201,'1',521,,5578,23,0,18,0,30,,5585,23,0,18,0,70,,4691,23,0,18,0,30,,5594,23,0,18,0,70,,5584,23,0,18,0,30,,5598,23,0,18,0,70,,599,23,0,18,0,30,,5599,23,0,18,0,70,,5596,23,0,18,0,30,,588,23,0,18,0,70,,5125,23,0,18,0,30,,5586,23,0,18,0,70,,5595,23,0,18,0,30,,3081,23,0,18,0,70,,4150,23,0,18,0,30,,5600,23,0,18,0,70,,5591,23,0,18,0,30,,5592,23,0,18,0,70,,4572,23,0,18,0,30,,2321,23,0,18,0,70,,5588,23,0,18,0,30,,5601,23,0,18,0,70,,5583,23,0,18,0,30,,5597,23,0,18,0,70,,5582,23,0,18,0,30,,5580,23,0,18,0,70,,5587,23,0,18,0,30,,5590,23,0,18,0,70,,2997,23,0,18,0,30,,5579,23,0,18,0,70,,5593,23,0,18,0,30,,5581,23,0,18,0,70,,5589,23,0,18,0,30,,5602,23,0,18,0,70,,5577,23,0,18,0,30,,5603,23,0,18,0
201,'2',521,,4557,23,0,18,0,30,,5623,23,0,18,0,70,,4672,23,0,18,0,30,,5630,23,0,18,0,70,,5244,23,0,18,0,30,,5611,23,0,18,0,70,,3571,23,0,18,0,30,,5616,23,0,18,0,70,,5625,23,0,18,0,30,,5629,23,0,18,0,70,,5609,23,0,18,0,30,,5627,23,0,18,0,70,,4547,23,0,18,0,30,,5617,23,0,18,0,70,,5618,23,0,18,0,30,,5621,23,0,18,0,70,,5610,23,0,18,0,30,,5615,23,0,18,0,70,,5622,23,0,18,0,30,,5619,23,0,18,0,70,,5613,23,0,18,0,30,,4273,23,0,18,0,70,,5626,23,0,18,0,30,,5628,23,0,18,0,70,,5614,23,0,18,0,30,,4028,23,0,18,0,70,,5604,23,0,18,0,30,,5605,23,0,18,0,70,,251,23,0,18,0,30,,5608,23,0,18,0,70,,5607,23,0,18,0,30,,5624,23,0,18,0,70,,3626,23,0,18,0,30,,5620,23,0,18,0,70,,5606,23,0,18,0,30,,5612,23,0,18,0
201,'3',821,,5640,23,0,18,0,30,,5633,23,0,18,0,70,,5133,23,0,18,0,30,,5645,23,0,18,0,70,,5631,23,0,18,0,30,,5136,23,0,18,0,70,,5651,23,0,18,0,30,,5635,23,0,18,0,70,,5636,23,0,18,0,30,,5634,23,0,18,0,70,,5632,23,0,18,0,30,,5647,23,0,18,0,70,,5639,23,0,18,0,30,,5650,23,0,18,0,70,,5642,23,0,18,0,30,,5638,23,0,18,0,70,,5646,23,0,18,0,30,,5644,23,0,18,0,70,,5637,23,0,18,0,30,,5649,23,0,18,0,70,,5643,23,0,18,0,30,,5648,23,0,18,0,70,,5641,23,0,18,0,30,,1538,23,0,18,0
201,'4',521,,3823,23,0,18,0,30,,5663,23,0,18,0,70,,3060,23,0,18,0,30,,5657,23,0,18,0,70,,5668,23,0,18,0,30,,5661,23,0,18,0,70,,1303,23,0,18,0,30,,5144,23,0,18,0,70,,4533,23,0,18,0,30,,5659,23,0,18,0,70,,5664,23,0,18,0,30,,5674,23,0,18,0,70,,5666,23,0,18,0,30,,5675,23,0,18,0,70,,5671,23,0,18,0,30,,5038,23,0,18,0,70,,5655,23,0,18,0,30,,5653,23,0,18,0,70,,5652,23,0,18,0,30,,2465,23,0,18,0,70,,5658,23,0,18,0,30,,5669,23,0,18,0,70,,4400,23,0,18,0,30,,5676,23,0,18,0,70,,5670,23,0,18,0,30,,5149,23,0,18,0,70,,5656,23,0,18,0,30,,5672,23,0,18,0,70,,3272,23,0,18,0,30,,4335,23,0,18,0,70,,5660,23,0,18,0,30,,5673,23,0,18,0,70,,5654,23,0,18,0,30,,5667,23,0,18,0,70,,5662,23,0,18,0,30,,5665,23,0,18,0
1001,'1',521,,6082,8,0,32,0,30,,6083,8,0,32,0,70,,6088,8,0,32,0,30,,6077,8,0,32,0,70,,6085,8,0,32,0,30,,6086,8,0,32,0,70,,6080,8,0,32,0,30,,6074,8,0,32,0,70,,6081,8,0,32,0,30,,6078,8,0,32,0,70,,6072,8,0,32,0,30,,6068,8,0,32,0,70,,6073,8,0,32,0,30,,5123,8,0,32,0,70,,6070,8,0,32,0,30,,6075,8,0,32,0,70,,2649,8,0,32,0,30,,6092,8,0,32,0,70,,6089,8,0,32,0,30,,2325,8,0,32,0,70,,6071,8,0,32,0,30,,6091,8,0,32,0,70,,6076,8,0,32,0,30,,6090,8,0,32,0,70,,3495,8,0,32,0,30,,6087,8,0,32,0,70,,5229,8,0,32,0,30,,6079,8,0,32,0,70,,6084,8,0,32,0,30,,6069,8,0,32,0
1001,'2',521,,6103,8,0,32,0,30,,6111,8,0,32,0,70,,6113,8,0,32,0,30,,6097,8,0,32,0,70,,6112,8,0,32,0,30,,388,8,0,32,0,70,,6101,8,0,32,0,30,,6100,8,0,32,0,70,,6104,8,0,32,0,30,,4276,8,0,32,0,70,,4681,8,0,32,0,30,,6105,8,0,32,0,70,,6109,8,0,32,0,30,,4750,8,0,32,0,70,,5262,8,0,32,0,30,,6094,8,0,32,0,70,,4760,8,0,32,0,30,,6107,8,0,32,0,70,,6099,8,0,32,0,30,,6110,8,0,32,0,70,,2948,8,0,32,0,30,,6106,8,0,32,0,70,,1278,8,0,32,0,30,,6114,8,0,32,0,70,,6096,8,0,32,0,30,,6108,8,0,32,0,70,,6095,8,0,32,0,30,,6098,8,0,32,0,70,,6093,8,0,32,0,30,,6102,8,0,32,0
1001,'3',851,,6123,8,0,32,0,100,,6126,8,0,32,0,100,,6125,8,0,32,0,100,,6121,8,0,32,0,100,,6118,8,0,32,0,100,,6124,8,0,32,0,100,,6120,8,0,32,0,100,,6119,8,0,32,0,100,,6115,8,0,32,0,100,,6116,8,0,32,0,100,,6117,8,0,32,0,100,,6122,8,0,32,0
1001,'4',521,,4660,8,0,32,0,30,,6133,8,0,32,0,70,,6142,8,0,32,0,30,,6146,8,0,32,0,70,,6143,8,0,32,0,30,,6129,8,0,32,0,70,,6148,8,0,32,0,30,,6144,8,0,32,0,70,,159,8,0,32,0,30,,4736,8,0,32,0,70,,1996,8,0,32,0,30,,6137,8,0,32,0,70,,6139,8,0,32,0,30,,6138,8,0,32,0,70,,6140,8,0,32,0,30,,6127,8,0,32,0,70,,6141,8,0,32,0,30,,566,8,0,32,0,70,,6136,8,0,32,0,30,,6134,8,0,32,0,70,,6145,8,0,32,0,30,,6128,8,0,32,0,70,,4991,8,0,32,0,30,,6149,8,0,32,0,70,,6147,8,0,32,0,30,,6135,8,0,32,0,70,,6130,8,0,32,0,30,,6131,8,0,32,0,70,,4980,8,0,32,0,30,,6132,8,0,32,0
11101,'1',747,,4966,12,,,0
12001,'1',824,,6935,2,0,27 28,0
13501,'1',751,,6954,18,,,0
14000,'1',1552,,5008,2,0,24,0
14300,'1',1554,,2487,2,0,96 97 10 11 31 3 25 26,0
14400,'1',1602,,6967,9,0,98 25 107 99 32,0
