100,'1',515,,5286,7,0,40 41 42 43,0,30,,5296,7,0,40 41 42 43,0,70,,5294,7,0,40 41 42 43,0,30,,5291,7,0,40 41 42 43,0,70,,5290,7,0,40 41 42 43,0,30,,5299,7,0,40 41 42 43,0,70,,215,7,0,40 41 42 43,0,30,,5304,7,0,40 41 42 43,0,70,,5301,7,0,40 41 42 43,0,30,,5303,7,0,40 41 42 43,0,70,,4857,7,0,40 41 42 43,0,30,,5280,7,0,40 41 42 43,0,70,,5295,7,0,40 41 42 43,0,30,,5297,7,0,40 41 42 43,0,70,,5288,7,0,40 41 42 43,0,30,,5298,7,0,40 41 42 43,0,70,,5292,7,0,40 41 42 43,0,30,,4363,7,0,40 41 42 43,0,70,,5284,7,0,40 41 42 43,0,30,,5283,7,0,40 41 42 43,0,70,,3885,7,0,40 41 42 43,0,30,,5293,7,0,40 41 42 43,0,70,,5302,7,0,40 41 42 43,0,30,,4632,7,0,40 41 42 43,0,70,,2042,7,0,40 41 42 43,0,30,,3490,7,0,40 41 42 43,0,70,,5281,7,0,40 41 42 43,0,30,,5287,7,0,40 41 42 43,0,70,,5279,7,0,40 41 42 43,0,30,,4777,7,0,40 41 42 43,0,70,,5300,7,0,40 41 42 43,0,30,,4961,7,0,40 41 42 43,0,70,,4638,7,0,40 41 42 43,0,30,,5285,7,0,40 41 42 43,0,70,,5289,7,0,40 41 42 43,0,30,,5282,7,0,40 41 42 43,0
100,'2',515,,5326,7,0,40 41 42 43,0,30,,5320,7,0,40 41 42 43,0,70,,5310,7,0,40 41 42 43,0,30,,4998,7,0,40 41 42 43,0,70,,5322,7,0,40 41 42 43,0,30,,5307,7,0,40 41 42 43,0,70,,5329,7,0,40 41 42 43,0,30,,5319,7,0,40 41 42 43,0,70,,5312,7,0,40 41 42 43,0,30,,5309,7,0,40 41 42 43,0,70,,5106,7,0,40 41 42 43,0,30,,5313,7,0,40 41 42 43,0,70,,5308,7,0,40 41 42 43,0,30,,5323,7,0,40 41 42 43,0,70,,3846,7,0,40 41 42 43,0,30,,5324,7,0,40 41 42 43,0,70,,2950,7,0,40 41 42 43,0,30,,5305,7,0,40 41 42 43,0,70,,5318,7,0,40 41 42 43,0,30,,5316,7,0,40 41 42 43,0,70,,5325,7,0,40 41 42 43,0,30,,4954,7,0,40 41 42 43,0,70,,5311,7,0,40 41 42 43,0,30,,5306,7,0,40 41 42 43,0,70,,2823,7,0,40 41 42 43,0,30,,5317,7,0,40 41 42 43,0,70,,5330,7,0,40 41 42 43,0,30,,5315,7,0,40 41 42 43,0,70,,5273,7,0,40 41 42 43,0,30,,5327,7,0,40 41 42 43,0,70,,4196,7,0,40 41 42 43,0,30,,4943,7,0,40 41 42 43,0,70,,1887,7,0,40 41 42 43,0,30,,5328,7,0,40 41 42 43,0,70,,5314,7,0,40 41 42 43,0,30,,2597,7,0,40 41 42 43,0
100,'3',815,,5331,7,0,40 41 42 43,0,30,,5336,7,0,40 41 42 43,0,70,,5334,7,0,40 41 42 43,0,30,,5346,7,0,40 41 42 43,0,70,,5350,7,0,40 41 42 43,0,30,,5347,7,0,40 41 42 43,0,70,,5339,7,0,40 41 42 43,0,30,,5342,7,0,40 41 42 43,0,70,,4719,7,0,40 41 42 43,0,30,,5352,7,0,40 41 42 43,0,70,,5340,7,0,40 41 42 43,0,30,,5335,7,0,40 41 42 43,0,70,,5351,7,0,40 41 42 43,0,30,,5348,7,0,40 41 42 43,0,70,,5338,7,0,40 41 42 43,0,30,,5337,7,0,40 41 42 43,0,70,,5343,7,0,40 41 42 43,0,30,,5344,7,0,40 41 42 43,0,70,,5345,7,0,40 41 42 43,0,30,,5349,7,0,40 41 42 43,0,70,,5333,7,0,40 41 42 43,0,30,,5341,7,0,40 41 42 43,0,70,,5332,7,0,40 41 42 43,0
100,'4',515,,5380,7,0,40 41 42 43,0,30,,5358,7,0,40 41 42 43,0,70,,5360,7,0,40 41 42 43,0,30,,5364,7,0,40 41 42 43,0,70,,2555,7,0,40 41 42 43,0,30,,5359,7,0,40 41 42 43,0,70,,5372,7,0,40 41 42 43,0,30,,5370,7,0,40 41 42 43,0,70,,5375,7,0,40 41 42 43,0,30,,5371,7,0,40 41 42 43,0,70,,5035,7,0,40 41 42 43,0,30,,2464,7,0,40 41 42 43,0,70,,5373,7,0,40 41 42 43,0,30,,4017,7,0,40 41 42 43,0,70,,5361,7,0,40 41 42 43,0,30,,5357,7,0,40 41 42 43,0,70,,5374,7,0,40 41 42 43,0,30,,5377,7,0,40 41 42 43,0,70,,3121,7,0,40 41 42 43,0,30,,5368,7,0,40 41 42 43,0,70,,5367,7,0,40 41 42 43,0,30,,4878,7,0,40 41 42 43,0,70,,5356,7,0,40 41 42 43,0,30,,5362,7,0,40 41 42 43,0,70,,5353,7,0,40 41 42 43,0,30,,5378,7,0,40 41 42 43,0,70,,2924,7,0,40 41 42 43,0,30,,5355,7,0,40 41 42 43,0,70,,5363,7,0,40 41 42 43,0,30,,5369,7,0,40 41 42 43,0,70,,5379,7,0,40 41 42 43,0,30,,4460,7,0,40 41 42 43,0,70,,5354,7,0,40 41 42 43,0,30,,5366,7,0,40 41 42 43,0,70,,5376,7,0,40 41 42 43,0,30,,5365,7,0,40 41 42 43,0
101,'1',515,,5385,1,0,40 41 42 43,0,30,,480,9,0,40 41 42 43,0,70,4,4064,9,0,40 41 42 43,0,30,4,4372,9,0,40 41 42 43,0,70,4,3886,9,0,40 41 42 43,0,30,4,5396,9,0,40 41 42 43,0,70,,1462,9,0,40 41 42 43,0,30,4,5399,9,0,40 41 42 43,0,70,4,5390,9,0,40 41 42 43,0,30,4,5398,9,0,40 41 42 43,0,70,4,5394,9,0,40 41 42 43,0,30,,5397,9,0,40 41 42 43,0,70,,5402,9,0,40 41 42 43,0,30,4,5403,9,0,40 41 42 43,0,70,4,5407,9,0,40 41 42 43,0,30,4,5391,9,0,40 41 42 43,0,70,4,5389,9,0,40 41 42 43,0,30,4,5387,9,0,40 41 42 43,0,70,,5014,9,0,40 41 42 43,0,30,4,5401,9,0,40 41 42 43,0,70,4,5384,9,0,40 41 42 43,0,30,4,5393,9,0,40 41 42 43,0,70,4,5406,9,0,40 41 42 43,0,30,4,2882,9,0,40 41 42 43,0,70,4,5381,9,0,40 41 42 43,0,30,4,71,9,0,40 41 42 43,0,70,4,5382,9,0,40 41 42 43,0,30,4,5388,9,0,40 41 42 43,0,70,4,4859,9,0,40 41 42 43,0,30,4,5386,9,0,40 41 42 43,0,70,4,5395,9,0,40 41 42 43,0,30,4,4235,9,0,40 41 42 43,0,70,4,1602,9,0,40 41 42 43,0,30,4,5392,9,0,40 41 42 43,0,70,4,5383,9,0,40 41 42 43,0,30,4,5400,9,0,40 41 42 43,0,70,4,5404,9,0,40 41 42 43,0,26,,5405,9,4,,0
101,'2',515,,5427,1,0,40 41 42 43,0,30,4,5410,9,0,40 41 42 43,0,70,4,5413,9,0,40 41 42 43,0,30,4,5426,9,0,40 41 42 43,0,70,4,4211,9,0,40 41 42 43,0,30,4,5417,9,0,40 41 42 43,0,70,4,5408,9,0,40 41 42 43,0,30,4,5425,9,0,40 41 42 43,0,70,4,5409,9,0,40 41 42 43,0,30,4,5420,9,0,40 41 42 43,0,70,4,5267,9,0,40 41 42 43,0,30,4,5429,9,0,40 41 42 43,0,70,,5411,9,0,40 41 42 43,0,30,4,5432,9,0,40 41 42 43,0,70,4,3088,9,0,40 41 42 43,0,30,4,5416,9,0,40 41 42 43,0,70,4,5423,9,0,40 41 42 43,0,30,4,5421,9,0,40 41 42 43,0,70,,5430,9,0,40 41 42 43,0,30,4,3947,9,0,40 41 42 43,0,70,4,5434,9,0,40 41 42 43,0,30,4,3753,9,0,40 41 42 43,0,70,4,5424,9,0,40 41 42 43,0,30,4,5419,9,0,40 41 42 43,0,70,4,5422,9,0,40 41 42 43,0,30,4,2754,9,0,40 41 42 43,0,70,4,3855,9,0,40 41 42 43,0,30,4,5414,9,0,40 41 42 43,0,70,,5415,9,0,40 41 42 43,0,30,4,5418,9,0,40 41 42 43,0,70,4,5428,9,0,40 41 42 43,0,30,4,5412,9,0,40 41 42 43,0,70,4,5433,9,0,40 41 42 43,0,30,4,4896,9,0,40 41 42 43,0,70,4,4605,9,0,40 41 42 43,0,30,4,3677,9,0,40 41 42 43,0,70,4,3396,9,0,40 41 42 43,0,26,,5431,9,4,,0
101,'3',815,,4871,1,0,40 41 42 43,0,30,4,5451,9,0,40 41 42 43,0,70,4,5446,9,0,40 41 42 43,0,30,4,5452,9,0,40 41 42 43,0,70,4,5453,9,0,40 41 42 43,0,30,4,5437,9,0,40 41 42 43,0,70,4,4867,9,0,40 41 42 43,0,30,4,5438,9,0,40 41 42 43,0,70,4,5441,9,0,40 41 42 43,0,30,4,5436,9,0,40 41 42 43,0,70,4,4706,9,0,40 41 42 43,0,30,4,5445,9,0,40 41 42 43,0,70,4,5435,9,0,40 41 42 43,0,30,4,5450,9,0,40 41 42 43,0,70,,4452,9,0,40 41 42 43,0,30,,5442,9,0,40 41 42 43,0,70,4,5443,9,0,40 41 42 43,0,30,4,5448,9,0,40 41 42 43,0,70,4,4806,9,0,40 41 42 43,0,30,4,5440,9,0,40 41 42 43,0,70,4,5447,9,0,40 41 42 43,0,30,4,5449,9,0,40 41 42 43,0,70,4,5439,9,0,40 41 42 43,0,30,4,5444,9,0,40 41 42 43,0
101,'4',515,,5454,1,0,40 41 42 43,0,30,,5469,9,0,40 41 42 43,0,70,,4813,9,0,40 41 42 43,0,30,4,1827,9,0,40 41 42 43,0,70,4,5462,9,0,40 41 42 43,0,30,4,5480,9,0,40 41 42 43,0,70,,5478,9,0,40 41 42 43,0,30,,5461,9,0,40 41 42 43,0,70,4,5456,9,0,40 41 42 43,0,30,4,5476,9,0,40 41 42 43,0,70,4,5483,9,0,40 41 42 43,0,30,,5471,9,0,40 41 42 43,0,70,,5479,9,0,40 41 42 43,0,30,4,3652,9,0,40 41 42 43,0,70,4,5477,9,0,40 41 42 43,0,30,4,5463,9,0,40 41 42 43,0,70,4,3830,9,0,40 41 42 43,0,30,4,5472,9,0,40 41 42 43,0,70,,4931,9,0,40 41 42 43,0,30,4,170,9,0,40 41 42 43,0,70,4,5468,9,0,40 41 42 43,0,30,4,5470,9,0,40 41 42 43,0,70,4,5481,9,0,40 41 42 43,0,30,4,5458,9,0,40 41 42 43,0,70,4,5460,9,0,40 41 42 43,0,30,4,5482,9,0,40 41 42 43,0,70,4,5464,9,0,40 41 42 43,0,30,4,5474,9,0,40 41 42 43,0,70,,5457,9,0,40 41 42 43,0,30,4,5475,9,0,40 41 42 43,0,70,4,5466,9,0,40 41 42 43,0,30,4,5459,9,0,40 41 42 43,0,70,4,5467,9,0,40 41 42 43,0,30,4,5484,9,0,40 41 42 43,0,70,4,4469,9,0,40 41 42 43,0,30,4,5473,9,0,40 41 42 43,0,70,4,5465,9,0,40 41 42 43,0,26,,5455,9,4,,0
300,'1',610,,5681,25,4,,0,30,,5188,25,4,,0,70,,5678,25,4,,0,30,,5682,25,4,,0,70,,5689,25,4,,0,30,,5690,25,4,,0,70,,4960,25,4,,0,30,,3294,25,4,,0,70,,5680,25,4,,0,30,,2807,25,4,,0,70,,2122,25,4,,0,30,,2289,25,4,,0,70,,2482,25,4,,0,30,,5688,25,4,,0,70,,5686,25,4,,0,30,,5693,25,4,,0,70,,3978,25,4,,0,30,,2283,25,4,,0,70,,5684,25,4,,0,30,,5194,25,4,,0,75,,5677,25,4,,0,25,,3879,25,4,,0,70,,5679,25,4,,0,30,,5691,25,4,,0,70,,5685,25,4,,0,30,,2484,25,4,,0,70,,2134,25,4,,0,30,,5683,25,4,,0,70,,2931,25,4,,0,100,,5692,25,4,,0,100,,4496,25,4,,0,100,,5687,25,4,,0
300,'2',610,,2509,25,4,,0,30,,2885,25,4,,0,70,,4129,25,4,,0,30,,5711,25,4,,0,70,,5697,25,4,,0,30,,5703,25,4,,0,70,,3861,25,4,,0,30,,4748,25,4,,0,70,,3229,25,4,,0,30,,5706,25,4,,0,70,,5704,25,4,,0,30,,4033,25,4,,0,70,,5695,25,4,,0,30,,5709,25,4,,0,70,,2767,25,4,,0,30,,5705,25,4,,0,70,,5701,25,4,,0,30,,4424,25,4,,0,70,,5698,25,4,,0,30,,5702,25,4,,0,75,,5707,25,4,,0,25,,5699,25,4,,0,70,,4039,25,4,,0,30,,5708,25,4,,0,70,,3754,25,4,,0,30,,4138,25,4,,0,70,,123,25,4,,0,30,,5710,25,4,,0,70,,5696,25,4,,0,100,,5694,25,4,,0,100,,3097,25,4,,0,100,,5700,25,4,,0
300,'3',910,,5721,25,4,,0,100,,5712,25,4,,0,100,,2973,25,4,,0,100,,5713,25,4,,0,100,,5722,25,4,,0,100,,5716,25,4,,0,100,,5720,25,4,,0,100,,5718,25,4,,0,100,,5715,25,4,,0,100,,5714,25,4,,0,100,,5719,25,4,,0,100,,5717,25,4,,0
300,'4',610,,3920,25,4,,0,30,,5735,25,4,,0,70,,5731,25,4,,0,30,,4338,25,4,,0,70,,3834,25,4,,0,30,,4013,25,4,,0,70,,5732,25,4,,0,30,,5724,25,4,,0,70,,5742,25,4,,0,30,,5738,25,4,,0,70,,5741,25,4,,0,30,,4404,25,4,,0,70,,5740,25,4,,0,30,,3926,25,4,,0,70,,5727,25,4,,0,30,,5739,25,4,,0,70,,5726,25,4,,0,30,,5737,25,4,,0,70,,5725,25,4,,0,30,,5743,25,4,,0,70,,4659,25,4,,0,30,,5729,25,4,,0,70,,5736,25,4,,0,30,,5723,25,4,,0,70,,5734,25,4,,0,30,,2862,25,4,,0,70,,5730,25,4,,0,30,,5733,25,4,,0,70,,5728,25,4,,0,100,,3177,25,4,,0,100,,4388,25,4,,0,100,,4741,25,4,,0
301,'1',515,,5748,1,0,65 2 64,0,30,,4629,1,0,65 2 64,0,70,,5759,1,0,65 2 64,0,30,,5767,1,0,65 2 64,0,70,,5753,1,0,65 2 64,0,30,,5745,1,0,65 2 64,0,70,,5770,1,0,65 2 64,0,30,,5747,1,0,65 2 64,0,70,,4500,1,0,65 2 64,0,30,,3009,1,0,65 2 64,0,70,,5746,1,0,65 2 64,0,30,,5766,1,0,65 2 64,0,70,,2239,1,0,65 2 64,0,30,,3878,1,0,65 2 64,0,70,,5749,1,0,65 2 64,0,30,,5769,1,0,65 2 64,0,70,,5755,1,0,65 2 64,0,30,,5768,1,0,65 2 64,0,70,,5752,1,0,65 2 64,0,30,,5763,1,0,65 2 64,0,70,,5758,1,0,65 2 64,0,30,,5765,1,0,65 2 64,0,70,,3190,1,0,65 2 64,0,30,,5760,1,0,65 2 64,0,70,,5757,1,0,65 2 64,0,30,,5744,1,0,65 2 64,0,70,,5756,1,0,65 2 64,0,30,,5750,1,0,65 2 64,0,70,,5762,1,0,65 2 64,0,30,,3969,1,0,65 2 64,0,70,,5761,1,0,65 2 64,0,100,,5764,1,0,65 2 64,0,100,,5754,1,0,65 2 64,0,100,,5751,1,0,65 2 64,0
301,'2',515,,5777,1,0,65 2 64,0,30,,5793,1,0,65 2 64,0,70,,5785,1,0,65 2 64,0,30,,5790,1,0,65 2 64,0,70,,5786,1,0,65 2 64,0,30,,3951,1,0,65 2 64,0,70,,5780,1,0,65 2 64,0,30,,5789,1,0,65 2 64,0,70,,5787,1,0,65 2 64,0,30,,5781,1,0,65 2 64,0,70,,5782,1,0,65 2 64,0,30,,5778,1,0,65 2 64,0,70,,5792,1,0,65 2 64,0,30,,4754,1,0,65 2 64,0,70,,5771,1,0,65 2 64,0,30,,3558,1,0,65 2 64,0,70,,4606,1,0,65 2 64,0,30,,5774,1,0,65 2 64,0,70,,5779,1,0,65 2 64,0,30,,2752,1,0,65 2 64,0,70,,5784,1,0,65 2 64,0,30,,5772,1,0,65 2 64,0,70,,3393,1,0,65 2 64,0,30,,5773,1,0,65 2 64,0,70,,4546,1,0,65 2 64,0,30,,5776,1,0,65 2 64,0,70,,5775,1,0,65 2 64,0,30,,5198,1,0,65 2 64,0,70,,4136,1,0,65 2 64,0,30,,5783,1,0,65 2 64,0,70,,5232,1,0,65 2 64,0,100,,5788,1,0,65 2 64,0,100,,5791,1,0,65 2 64,0,100,,5794,1,0,65 2 64,0
301,'3',815,,5798,1,0,65 2 64,0,100,,5805,1,0,65 2 64,0,100,,4712,1,0,65 2 64,0,100,,5797,1,0,65 2 64,0,100,,5803,1,0,65 2 64,0,100,,5802,1,0,65 2 64,0,100,,5796,1,0,65 2 64,0,100,,5801,1,0,65 2 64,0,100,,5799,1,0,65 2 64,0,100,,5804,1,0,65 2 64,0,100,,5795,1,0,65 2 64,0,100,,5800,1,0,65 2 64,0
301,'4',515,,5825,1,0,65 2 64,0,30,,567,1,0,65 2 64,0,70,,5810,1,0,65 2 64,0,30,,5820,1,0,65 2 64,0,70,,3706,1,0,65 2 64,0,30,,5808,1,0,65 2 64,0,70,,5828,1,0,65 2 64,0,30,,5830,1,0,65 2 64,0,70,,5822,1,0,65 2 64,0,30,,5833,1,0,65 2 64,0,70,,5819,1,0,65 2 64,0,30,,5812,1,0,65 2 64,0,70,,5807,1,0,65 2 64,0,30,,5816,1,0,65 2 64,0,70,,5827,1,0,65 2 64,0,30,,2111,1,0,65 2 64,0,70,,5814,1,0,65 2 64,0,30,,5811,1,0,65 2 64,0,70,,5823,1,0,65 2 64,0,30,,3046,1,0,65 2 64,0,70,,4394,1,0,65 2 64,0,30,,5826,1,0,65 2 64,0,70,,5824,1,0,65 2 64,0,30,,5831,1,0,65 2 64,0,70,,5815,1,0,65 2 64,0,30,,5829,1,0,65 2 64,0,70,,5809,1,0,65 2 64,0,30,,5832,1,0,65 2 64,0,70,,5821,1,0,65 2 64,0,30,,5813,1,0,65 2 64,0,70,,5818,1,0,65 2 64,0,100,,5806,1,0,65 2 64,0,100,,4319,1,0,65 2 64,0,100,,5817,1,0,65 2 64,0
400,'1',530,,5836,1,0,21 2 22 23,0,70,,5180,37,0,21 2 22 23,0,30,5,5835,37,0,21 2 22 23,0,70,,5840,37,0,21 2 22 23,0,30,,5849,37,0,21 2 22 23,0,70,,5843,37,0,21 2 22 23,0,30,5,3789,37,0,21 2 22 23,0,70,,5845,37,0,21 2 22 23,0,30,,5848,37,0,21 2 22 23,0,70,,5856,37,0,21 2 22 23,0,30,5,4693,37,0,21 2 22 23,0,70,,5850,37,0,21 2 22 23,0,30,5,5854,37,0,21 2 22 23,0,70,,4695,37,0,21 2 22 23,0,30,5,5839,37,0,21 2 22 23,0,70,,5837,37,0,21 2 22 23,0,30,5,5846,37,0,21 2 22 23,0,70,,5211,37,0,21 2 22 23,0,30,5,5838,37,0,21 2 22 23,0,70,,3137,37,0,21 2 22 23,0,30,,5842,37,0,21 2 22 23,0,70,,5847,37,0,21 2 22 23,0,30,5,4514,37,0,21 2 22 23,0,70,,5853,37,0,21 2 22 23,0,30,,5851,37,0,21 2 22 23,0,70,,3875,37,0,21 2 22 23,0,30,5,3983,37,0,21 2 22 23,0,70,,923,37,0,21 2 22 23,0,30,,5852,37,0,21 2 22 23,0,70,,5841,37,0,21 2 22 23,0,30,,5844,37,0,21 2 22 23,0,100,,5834,37,0,21 2 22 23,0,100,,5855,37,0,21 2 22 23,0,100,,3500,37,0,21 2 22 23,0
400,'2',530,,5871,1,0,21 2 22 23,0,70,45,5242,37,0,21 2 22 23,0,30,5,5859,37,0,21 2 22 23,0,70,45,5862,37,0,21 2 22 23,0,30,,3864,37,0,21 2 22 23,0,70,45,5869,37,0,21 2 22 23,0,30,5,5874,37,0,21 2 22 23,0,70,45,5865,37,0,21 2 22 23,0,30,,5880,37,0,21 2 22 23,0,70,45,5877,37,0,21 2 22 23,0,30,5,5857,37,0,21 2 22 23,0,70,45,5863,37,0,21 2 22 23,0,30,,5875,37,0,21 2 22 23,0,70,45,5867,37,0,21 2 22 23,0,30,5,5248,37,0,21 2 22 23,0,70,45,4548,37,0,21 2 22 23,0,30,,5878,37,0,21 2 22 23,0,70,45,3562,37,0,21 2 22 23,0,30,5,3963,37,0,21 2 22 23,0,70,45,5870,37,0,21 2 22 23,0,30,,5872,37,0,21 2 22 23,0,70,45,5861,37,0,21 2 22 23,0,30,5,5879,37,0,21 2 22 23,0,70,45,5864,37,0,21 2 22 23,0,30,,5866,37,0,21 2 22 23,0,70,45,5873,37,0,21 2 22 23,0,30,5,3964,37,0,21 2 22 23,0,70,45,5868,37,0,21 2 22 23,0,30,,5858,37,0,21 2 22 23,0,70,45,5881,37,0,21 2 22 23,0,30,5,5876,37,0,21 2 22 23,0,100,,5860,37,0,21 2 22 23,0,100,5,4684,37,0,21 2 22 23,0,100,,640,37,0,21 2 22 23,0
400,'3',800,,5890,1,0,21 2 22 23,0,100,45,5884,37,0,21 2 22 23,0,100,45,5070,37,0,21 2 22 23,0,100,45,5891,37,0,21 2 22 23,0,100,45,5889,37,0,21 2 22 23,0,100,45,3406,37,0,21 2 22 23,0,100,45,5887,37,0,21 2 22 23,0,100,45,5885,37,0,21 2 22 23,0,100,45,5886,37,0,21 2 22 23,0,100,45,3808,37,0,21 2 22 23,0,100,45,5882,37,0,21 2 22 23,0,100,45,5888,37,0,21 2 22 23,0,100,45,5883,37,0,21 2 22 23,0
400,'4',530,,5910,1,0,21 2 22 23,0,70,45,5893,37,0,21 2 22 23,0,30,5,3919,37,0,21 2 22 23,0,70,45,5905,37,0,21 2 22 23,0,30,,5902,37,0,21 2 22 23,0,70,45,5900,37,0,21 2 22 23,0,30,5,5901,37,0,21 2 22 23,0,70,45,3927,37,0,21 2 22 23,0,30,,5892,37,0,21 2 22 23,0,70,45,4178,37,0,21 2 22 23,0,30,5,5906,37,0,21 2 22 23,0,70,45,5903,37,0,21 2 22 23,0,30,5,4337,37,0,21 2 22 23,0,70,45,4332,37,0,21 2 22 23,0,30,5,4668,37,0,21 2 22 23,0,70,,5894,37,0,21 2 22 23,0,30,5,5897,37,0,21 2 22 23,0,70,45,4252,37,0,21 2 22 23,0,30,5,5895,37,0,21 2 22 23,0,70,,299,37,0,21 2 22 23,0,30,5,5904,37,0,21 2 22 23,0,70,45,5909,37,0,21 2 22 23,0,30,5,3582,37,0,21 2 22 23,0,70,,5896,37,0,21 2 22 23,0,30,,2983,37,0,21 2 22 23,0,70,45,2635,37,0,21 2 22 23,0,30,5,4881,37,0,21 2 22 23,0,70,,5907,37,0,21 2 22 23,0,30,,5899,37,0,21 2 22 23,0,70,45,5898,37,0,21 2 22 23,0,30,5,3935,37,0,21 2 22 23,0,100,,5092,37,0,21 2 22 23,0,100,5,3257,37,0,21 2 22 23,0,100,,5908,37,0,21 2 22 23,0
401,'1',515,,5922,1,0,21 2 22 23,0,30,,4853,20,0,21 2 22 23,0,70,,5911,20,0,21 2 22 23,0,30,,5935,20,0,21 2 22 23,0,70,5,5067,20,0,21 2 22 23,0,30,,5921,20,0,21 2 22 23,0,70,,5932,20,0,21 2 22 23,0,30,,5913,20,0,21 2 22 23,0,70,5,5928,20,0,21 2 22 23,0,30,,5933,20,0,21 2 22 23,0,70,,2255,20,0,21 2 22 23,0,30,,5929,20,0,21 2 22 23,0,70,,3364,20,0,21 2 22 23,0,30,,5925,20,0,21 2 22 23,0,70,5,5924,20,0,21 2 22 23,0,30,,5930,20,0,21 2 22 23,0,70,5,5919,20,0,21 2 22 23,0,30,,5916,20,0,21 2 22 23,0,70,5,5923,20,0,21 2 22 23,0,30,,5914,20,0,21 2 22 23,0,70,5,5189,20,0,21 2 22 23,0,30,,5934,20,0,21 2 22 23,0,70,,5917,20,0,21 2 22 23,0,30,,5918,20,0,21 2 22 23,0,70,5,5920,20,0,21 2 22 23,0,30,,5936,20,0,21 2 22 23,0,70,,5931,20,0,21 2 22 23,0,30,,4156,20,0,21 2 22 23,0,70,,3786,20,0,21 2 22 23,0,27,,5927,20,4,,0,73,,4297,20,0,21 2 22 23,0,100,,5912,20,0,21 2 22 23,0,100,,5915,20,0,21 2 22 23,0,100,,5926,20,0,21 2 22 23,0
401,'2',515,,5955,1,0,21 2 22 23,0,30,5,4893,20,0,21 2 22 23,0,70,,3101,20,0,21 2 22 23,0,30,5,5939,20,0,21 2 22 23,0,70,5,5943,20,0,21 2 22 23,0,30,5,5954,20,0,21 2 22 23,0,70,,3946,20,0,21 2 22 23,0,30,5,4889,20,0,21 2 22 23,0,70,5,5946,20,0,21 2 22 23,0,30,5,5949,20,0,21 2 22 23,0,70,,4204,20,0,21 2 22 23,0,30,5,5937,20,0,21 2 22 23,0,70,,5953,20,0,21 2 22 23,0,30,5,5956,20,0,21 2 22 23,0,70,,5944,20,0,21 2 22 23,0,30,,5168,20,0,21 2 22 23,0,70,5,5938,20,0,21 2 22 23,0,30,5,5952,20,0,21 2 22 23,0,70,,5942,20,0,21 2 22 23,0,30,5,2172,20,0,21 2 22 23,0,70,5,5109,20,0,21 2 22 23,0,30,5,4413,20,0,21 2 22 23,0,70,,4479,20,0,21 2 22 23,0,30,5,5940,20,0,21 2 22 23,0,70,5,5941,20,0,21 2 22 23,0,30,5,5945,20,0,21 2 22 23,0,70,,5950,20,0,21 2 22 23,0,30,5,5254,20,0,21 2 22 23,0,70,,2512,20,0,21 2 22 23,0,27,,4827,20,4,,0,73,,5948,20,0,21 2 22 23,0,100,5,5951,20,0,21 2 22 23,0,100,,5947,20,0,21 2 22 23,0,100,5,2217,20,0,21 2 22 23,0
401,'3',845,5,5960,20,0,21 2 22 23,0,100,5,4725,20,0,21 2 22 23,0,100,5,5961,20,0,21 2 22 23,0,100,5,4798,20,0,21 2 22 23,0,100,5,5966,20,0,21 2 22 23,0,100,5,5965,20,0,21 2 22 23,0,100,5,5962,20,0,21 2 22 23,0,100,5,5963,20,0,21 2 22 23,0,100,,5958,20,0,21 2 22 23,0,100,,5957,20,0,21 2 22 23,0,100,5,5959,20,0,21 2 22 23,0,95,,5964,20,4,,0
401,'4',515,,5968,1,0,21 2 22 23,0,30,5,5982,20,0,21 2 22 23,0,70,,4019,20,0,21 2 22 23,0,30,5,5977,20,0,21 2 22 23,0,70,5,4176,20,0,21 2 22 23,0,30,5,5984,20,0,21 2 22 23,0,70,,5973,20,0,21 2 22 23,0,30,5,5974,20,0,21 2 22 23,0,70,5,5989,20,0,21 2 22 23,0,30,5,5987,20,0,21 2 22 23,0,70,,3056,20,0,21 2 22 23,0,30,5,5971,20,0,21 2 22 23,0,70,,4260,20,0,21 2 22 23,0,30,5,5972,20,0,21 2 22 23,0,70,5,5988,20,0,21 2 22 23,0,30,,5991,20,0,21 2 22 23,0,70,5,5975,20,0,21 2 22 23,0,30,,5978,20,0,21 2 22 23,0,70,,5985,20,0,21 2 22 23,0,30,5,4730,20,0,21 2 22 23,0,70,5,5983,20,0,21 2 22 23,0,30,,5967,20,0,21 2 22 23,0,70,5,4114,20,0,21 2 22 23,0,30,5,5990,20,0,21 2 22 23,0,70,5,5970,20,0,21 2 22 23,0,30,,3485,20,0,21 2 22 23,0,70,,3825,20,0,21 2 22 23,0,30,5,5969,20,0,21 2 22 23,0,70,,5986,20,0,21 2 22 23,0,25,,5976,20,4,,0,75,,5979,20,0,21 2 22 23,0,100,5,5981,20,0,21 2 22 23,0,100,,5980,20,0,21 2 22 23,0,100,5,4192,20,0,21 2 22 23,0
1000,'1',515,,2276,1,0,32,0,30,,6006,1,0,32,0,70,,2410,1,0,32,0,30,,6002,1,0,32,0,70,,6003,1,0,32,0,30,,5996,1,0,32,0,70,,4636,1,0,32,0,30,,5994,1,0,32,0,70,,4559,1,0,32,0,30,,2809,1,0,32,0,70,,5177,1,0,32,0,30,,5999,1,0,32,0,70,,4850,1,0,32,0,30,,6004,1,0,32,0,70,,6005,1,0,32,0,30,,5993,1,0,32,0,70,,2812,1,0,32,0,30,,5998,1,0,32,0,70,,5006,1,0,32,0,30,,6008,1,0,32,0,70,,5064,1,0,32,0,30,,4157,1,0,32,0,70,,6009,1,0,32,0,30,,6001,1,0,32,0,70,,5995,1,0,32,0,30,,4563,1,0,32,0,70,,4061,1,0,32,0,30,,6000,1,0,32,0,70,,5997,1,0,32,0,30,,5992,1,0,32,0
1000,'2',515,,723,1,0,32,0,30,,2421,1,0,32,0,70,,5259,1,0,32,0,30,,6016,1,0,32,0,70,,6013,1,0,32,0,30,,6030,1,0,32,0,70,,6014,1,0,32,0,30,,6019,1,0,32,0,70,,6015,1,0,32,0,30,,6022,1,0,32,0,70,,6011,1,0,32,0,30,,4280,1,0,32,0,70,,866,1,0,32,0,30,,4609,1,0,32,0,70,,6026,1,0,32,0,30,,6027,1,0,32,0,70,,5112,1,0,32,0,30,,6028,1,0,32,0,70,,6010,1,0,32,0,30,,6023,1,0,32,0,70,,6017,1,0,32,0,30,,6029,1,0,32,0,70,,6018,1,0,32,0,30,,4895,1,0,32,0,70,,4555,1,0,32,0,30,,6012,1,0,32,0,70,,6025,1,0,32,0,30,,6024,1,0,32,0,70,,4036,1,0,32,0,30,,6021,1,0,32,0
1000,'3',815,,4381,1,0,32,0,100,,6040,1,0,32,0,100,,6036,1,0,32,0,100,,6032,1,0,32,0,100,,6039,1,0,32,0,100,,6031,1,0,32,0,100,,6033,1,0,32,0,100,,6035,1,0,32,0,100,,6037,1,0,32,0,100,,3521,1,0,32,0,100,,6038,1,0,32,0,100,,6034,1,0,32,0
1000,'4',515,,2918,1,0,32,0,30,,6045,1,0,32,0,70,,6052,1,0,32,0,30,,6041,1,0,32,0,70,,2631,1,0,32,0,30,,6060,1,0,32,0,70,,6064,1,0,32,0,30,,6044,1,0,32,0,70,,6058,1,0,32,0,30,,6059,1,0,32,0,70,,6054,1,0,32,0,30,,6066,1,0,32,0,70,,6057,1,0,32,0,30,,6063,1,0,32,0,70,,6043,1,0,32,0,30,,6047,1,0,32,0,70,,4103,1,0,32,0,30,,6056,1,0,32,0,70,,6055,1,0,32,0,30,,6048,1,0,32,0,70,,4262,1,0,32,0,30,,6067,1,0,32,0,70,,6046,1,0,32,0,30,,6053,1,0,32,0,70,,6042,1,0,32,0,30,,6049,1,0,32,0,70,,6062,1,0,32,0,30,,6051,1,0,32,0,70,,6061,1,0,32,0,30,,6065,1,0,32,0
1001,'1',538,,6082,24,4,,0,70,,6083,24,4,,0,30,,6088,24,4,,0,70,,6077,24,4,,0,30,,6085,24,4,,0,70,,6086,24,4,,0,30,,6080,24,4,,0,70,,6074,24,4,,0,30,,6081,24,4,,0,70,,6078,24,4,,0,30,,6072,24,4,,0,70,,6068,24,4,,0,30,,6073,24,4,,0,70,,5123,24,4,,0,30,,6070,24,4,,0,70,,6075,24,4,,0,30,,2649,24,4,,0,70,,6092,24,4,,0,30,,6089,24,4,,0,70,,2325,24,4,,0,30,,6071,24,4,,0,70,,6091,24,4,,0,30,,6076,24,4,,0,70,,6090,24,4,,0,30,,3495,24,4,,0,70,,6087,24,4,,0,30,,5229,24,4,,0,70,,6079,24,4,,0,30,,6084,24,4,,0,70,,6069,24,4,,0
1001,'2',538,,6103,24,4,,0,70,,6111,24,4,,0,30,,6113,24,4,,0,70,,6097,24,4,,0,30,,6112,24,4,,0,70,,388,24,4,,0,30,,6101,24,4,,0,70,,6100,24,4,,0,30,,6104,24,4,,0,70,,4276,24,4,,0,30,,4681,24,4,,0,70,,6105,24,4,,0,30,,6109,24,4,,0,70,,4750,24,4,,0,30,,5262,24,4,,0,70,,6094,24,4,,0,30,,4760,24,4,,0,70,,6107,24,4,,0,30,,6099,24,4,,0,70,,6110,24,4,,0,30,,2948,24,4,,0,70,,6106,24,4,,0,30,,1278,24,4,,0,70,,6114,24,4,,0,30,,6096,24,4,,0,70,,6108,24,4,,0,30,,6095,24,4,,0,70,,6098,24,4,,0,30,,6093,24,4,,0,70,,6102,24,4,,0
1001,'3',908,,6123,24,4,,0,100,,6126,24,4,,0,100,,6125,24,4,,0,100,,6121,24,4,,0,100,,6118,24,4,,0,100,,6124,24,4,,0,100,,6120,24,4,,0,100,,6119,24,4,,0,100,,6115,24,4,,0,100,,6116,24,4,,0,100,,6117,24,4,,0,100,,6122,24,4,,0
1001,'4',538,,4660,24,4,,0,70,,6133,24,4,,0,30,,6142,24,4,,0,70,,6146,24,4,,0,30,,6143,24,4,,0,70,,6129,24,4,,0,30,,6148,24,4,,0,70,,6144,24,4,,0,30,,159,24,4,,0,77,,4736,24,4,,0,23,,1996,24,4,,0,70,,6137,24,4,,0,30,,6139,24,4,,0,70,,6138,24,4,,0,30,,6140,24,4,,0,70,,6127,24,4,,0,30,,6141,24,4,,0,70,,566,24,4,,0,30,,6136,24,4,,0,70,,6134,24,4,,0,30,,6145,24,4,,0,70,,6128,24,4,,0,30,,4991,24,4,,0,70,,6149,24,4,,0,30,,6147,24,4,,0,70,,6135,24,4,,0,30,,6130,24,4,,0,70,,6131,24,4,,0,30,,4980,24,4,,0,70,,6132,24,4,,0
1100,'1',610,,3142,46,4,,0,30,,6165,46,4,,0,70,,6151,46,4,,0,30,,6166,46,4,,0,70,,6152,46,4,,0,30,,6163,46,4,,0,70,,6161,46,4,,0,30,,6164,46,4,,0,70,,6157,46,4,,0,30,,6162,46,4,,0,70,,6150,46,4,,0,30,,6173,46,4,,0,70,,1256,46,4,,0,30,,6171,46,4,,0,70,,3365,46,4,,0,30,,6168,46,4,,0,70,,6160,46,4,,0,30,,2578,46,4,,0,70,,6159,46,4,,0,30,,6154,46,4,,0,70,,6170,46,4,,0,30,,6172,46,4,,0,70,,6169,46,4,,0,30,,6155,46,4,,0,70,,6158,46,4,,0,30,,6167,46,4,,0,70,,6156,46,4,,0,30,,6153,46,4,,0,70,,3144,46,4,,0
1100,'2',610,,6175,46,4,,0,30,,1799,46,4,,0,70,,6181,46,4,,0,30,,4897,46,4,,0,70,,6185,46,4,,0,30,,6188,46,4,,0,70,,6182,46,4,,0,30,,6184,46,4,,0,70,,6191,46,4,,0,30,,5206,46,4,,0,70,,6178,46,4,,0,30,,6176,46,4,,0,70,,6174,46,4,,0,30,,6187,46,4,,0,70,,6190,46,4,,0,30,,4218,46,4,,0,70,,4487,46,4,,0,30,,6186,46,4,,0,70,,6183,46,4,,0,30,,4410,46,4,,0,70,,1512,46,4,,0,30,,4686,46,4,,0,70,,5165,46,4,,0,30,,5204,46,4,,0,70,,6189,46,4,,0,30,,6177,46,4,,0,70,,6180,46,4,,0,30,,6179,46,4,,0,70,,5196,46,4,,0
1100,'3',840,,6197,46,4,,0,100,,6193,46,4,,0,100,,6192,46,4,,0,100,,6198,46,4,,0,100,,4799,46,4,,0,100,,6194,46,4,,0,100,,3812,46,4,,0,100,,6199,46,4,,0,100,,5135,46,4,,0,100,,6200,46,4,,0,100,,6196,46,4,,0,100,,6195,46,4,,0
1100,'4',610,,6216,46,4,,0,30,,6210,46,4,,0,70,,6203,46,4,,0,30,,6201,46,4,,0,70,,6217,46,4,,0,30,,6207,46,4,,0,70,,6213,46,4,,0,30,,6211,46,4,,0,70,,6219,46,4,,0,30,,6209,46,4,,0,70,,6204,46,4,,0,30,,6208,46,4,,0,70,,4327,46,4,,0,30,,6202,46,4,,0,70,,6206,46,4,,0,30,,2920,46,4,,0,70,,6205,46,4,,0,30,,6218,46,4,,0,70,,3707,46,4,,0,30,,6215,46,4,,0,70,,4536,46,4,,0,30,,6221,46,4,,0,70,,6214,46,4,,0,30,,5089,46,4,,0,70,,3482,46,4,,0,30,,6223,46,4,,0,70,,6212,46,4,,0,30,,6222,46,4,,0,70,,6220,46,4,,0
1101,'1',515,,6236,1,0,5 2 6 7,0,30,,4633,1,0,5 2 6 7,0,70,,6228,1,0,5 2 6 7,0,30,,6239,1,0,5 2 6 7,0,70,,6232,1,0,5 2 6 7,0,30,,6244,1,0,5 2 6 7,0,70,,6246,1,0,5 2 6 7,0,30,,6230,1,0,5 2 6 7,0,70,,6231,1,0,5 2 6 7,0,30,,6245,1,0,5 2 6 7,0,70,,592,1,0,5 2 6 7,0,30,,6224,1,0,5 2 6 7,0,70,,6238,1,0,5 2 6 7,0,30,,3497,1,0,5 2 6 7,0,70,,6243,1,0,5 2 6 7,0,30,,2933,1,0,5 2 6 7,0,70,,6241,1,0,5 2 6 7,0,30,,6237,1,0,5 2 6 7,0,70,,6242,1,0,5 2 6 7,0,30,,6233,1,0,5 2 6 7,0,70,,4226,1,0,5 2 6 7,0,30,,6226,1,0,5 2 6 7,0,70,,6240,1,0,5 2 6 7,0,30,,6234,1,0,5 2 6 7,0,70,,6227,1,0,5 2 6 7,0,30,,6229,1,0,5 2 6 7,0,70,,6235,1,0,5 2 6 7,0,30,,6225,1,0,5 2 6 7,0,70,,3381,1,0,5 2 6 7,0
1101,'2',515,,6262,1,0,5 2 6 7,0,30,,6264,1,0,5 2 6 7,0,70,,6261,1,0,5 2 6 7,0,30,,5162,1,0,5 2 6 7,0,70,,6248,1,0,5 2 6 7,0,30,,6255,1,0,5 2 6 7,0,70,,6260,1,0,5 2 6 7,0,30,,6254,1,0,5 2 6 7,0,70,,5275,1,0,5 2 6 7,0,30,,6265,1,0,5 2 6 7,0,70,,4494,1,0,5 2 6 7,0,30,,6250,1,0,5 2 6 7,0,70,,6263,1,0,5 2 6 7,0,30,,4953,1,0,5 2 6 7,0,70,,6257,1,0,5 2 6 7,0,30,,6267,1,0,5 2 6 7,0,70,,5113,1,0,5 2 6 7,0,30,,3023,1,0,5 2 6 7,0,70,,2331,1,0,5 2 6 7,0,30,,6249,1,0,5 2 6 7,0,70,,6256,1,0,5 2 6 7,0,30,,6258,1,0,5 2 6 7,0,70,,4121,1,0,5 2 6 7,0,30,,6247,1,0,5 2 6 7,0,70,,6266,1,0,5 2 6 7,0,30,,6251,1,0,5 2 6 7,0,70,,6252,1,0,5 2 6 7,0,30,,6253,1,0,5 2 6 7,0,70,,6259,1,0,5 2 6 7,0
1101,'3',815,,6268,1,0,5 2 6 7,0,100,,6273,1,0,5 2 6 7,0,100,,6270,1,0,5 2 6 7,0,100,,6276,1,0,5 2 6 7,0,100,,4251,1,0,5 2 6 7,0,100,,6272,1,0,5 2 6 7,0,100,,6274,1,0,5 2 6 7,0,100,,4790,1,0,5 2 6 7,0,100,,6271,1,0,5 2 6 7,0,100,,3805,1,0,5 2 6 7,0,100,,6275,1,0,5 2 6 7,0,100,,6269,1,0,5 2 6 7,0
1101,'4',515,,6284,1,0,5 2 6 7,0,30,,6279,1,0,5 2 6 7,0,70,,2470,1,0,5 2 6 7,0,30,,1109,1,0,5 2 6 7,0,70,,3646,1,0,5 2 6 7,0,30,,6282,1,0,5 2 6 7,0,70,,6285,1,0,5 2 6 7,0,30,,6278,1,0,5 2 6 7,0,70,,6294,1,0,5 2 6 7,0,30,,4603,1,0,5 2 6 7,0,70,,6290,1,0,5 2 6 7,0,30,,6280,1,0,5 2 6 7,0,70,,1560,1,0,5 2 6 7,0,30,,6277,1,0,5 2 6 7,0,70,,6288,1,0,5 2 6 7,0,30,,6291,1,0,5 2 6 7,0,70,,3641,1,0,5 2 6 7,0,30,,6286,1,0,5 2 6 7,0,70,,6283,1,0,5 2 6 7,0,30,,4538,1,0,5 2 6 7,0,70,,6293,1,0,5 2 6 7,0,30,,6289,1,0,5 2 6 7,0,70,,5141,1,0,5 2 6 7,0,30,,3256,1,0,5 2 6 7,0,70,,3178,1,0,5 2 6 7,0,30,,6287,1,0,5 2 6 7,0,70,,4819,1,0,5 2 6 7,0,30,,6292,1,0,5 2 6 7,0,70,,6281,1,0,5 2 6 7,0
1300,'1',538,,6496,18,4,,0,70,,6485,18,4,,0,30,,6488,18,4,,0,70,,6497,18,4,,0,30,,4370,18,4,,0,70,,6492,18,4,,0,30,,2574,18,4,,0,70,,6487,18,4,,0,30,,4441,18,4,,0,70,,6498,18,4,,0,30,,6495,18,4,,0,100,,6494,18,4,,0,100,,6493,18,4,,0,100,,6486,18,4,,0,100,,6484,18,4,,0,97,,2736,18,4,,0,73,,6491,18,4,,0,30,,4778,18,4,,0,70,,6490,18,4,,0,30,,6500,18,4,,0,70,,6499,18,4,,0,30,,6489,18,4,,0,70,,2405,18,4,,0,30,,3499,18,4,,0,70,,6483,18,4,,0
1300,'2',538,,6515,18,4,,0,70,,6508,18,4,,0,30,,6511,18,4,,0,70,,6512,18,4,,0,30,,3939,18,4,,0,70,,6502,18,4,,0,30,,6507,18,4,,0,70,,6517,18,4,,0,30,,4675,18,4,,0,70,,4277,18,4,,0,30,,6509,18,4,,0,100,,6516,18,4,,0,100,,6504,18,4,,0,100,,6506,18,4,,0,100,,4611,18,4,,0,97,,6513,18,4,,0,73,,4035,18,4,,0,30,,6518,18,4,,0,70,,6501,18,4,,0,30,,6514,18,4,,0,70,,4617,18,4,,0,30,,6510,18,4,,0,70,,6503,18,4,,0,30,,6505,18,4,,0,70,,101,18,4,,0
1300,'3',905,,6527,18,4,,0,100,,6525,18,4,,0,100,,6522,18,4,,0,100,,6526,18,4,,0,100,,6523,18,4,,0,100,,6528,18,4,,0,100,,6519,18,4,,0,100,,4092,18,4,,0,100,,6524,18,4,,0,100,,6520,18,4,,0,100,,6521,18,4,,0,100,,4796,18,4,,0
1300,'4',538,,5033,18,4,,0,70,,6538,18,4,,0,30,,6540,18,4,,0,70,,3127,18,4,,0,30,,3938,18,4,,0,70,,4602,18,4,,0,30,,6541,18,4,,0,70,,3541,18,4,,0,30,,4014,18,4,,0,70,,6530,18,4,,0,30,,6543,18,4,,0,100,,6542,18,4,,0,100,,6529,18,4,,0,100,,2856,18,4,,0,100,,6537,18,4,,0,97,,6536,18,4,,0,73,,6539,18,4,,0,30,,6535,18,4,,0,70,,6533,18,4,,0,30,,6544,18,4,,0,70,,6534,18,4,,0,30,,448,18,4,,0,70,,4402,18,4,,0,30,,6532,18,4,,0,70,,6531,18,4,,0
1301,'1',515,,6546,1,0,63 11 2 64 2 20,0,30,,5183,1,0,63 11 2 64 2 20,0,70,,6548,1,0,63 11 2 64 2 20,0,30,,6558,1,0,63 11 2 64 2 20,0,70,,6547,1,0,63 11 2 64 2 20,0,30,,6557,1,0,63 11 2 64 2 20,0,70,,6545,1,0,63 11 2 64 2 20,0,30,,4854,1,0,63 11 2 64 2 20,0,70,,6556,1,0,63 11 2 64 2 20,0,30,,2324,1,0,63 11 2 64 2 20,0,100,,6554,1,0,63 11 2 64 2 20,0,100,,6552,1,0,63 11 2 64 2 20,0,100,,6560,1,0,63 11 2 64 2 20,0,100,,6551,1,0,63 11 2 64 2 20,0,100,,6549,1,0,63 11 2 64 2 20,0,70,,4299,1,0,63 11 2 64 2 20,0,30,,6550,1,0,63 11 2 64 2 20,0,70,,6555,1,0,63 11 2 64 2 20,0,30,,1035,1,0,63 11 2 64 2 20,0,70,,6562,1,0,63 11 2 64 2 20,0,30,,6561,1,0,63 11 2 64 2 20,0,70,,6553,1,0,63 11 2 64 2 20,0,30,,6559,1,0,63 11 2 64 2 20,0,70,,5192,1,0,63 11 2 64 2 20,0,30,,5216,1,0,63 11 2 64 2 20,0
1301,'2',515,,6575,1,0,63 11 2 64 2 20,0,30,,6576,1,0,63 11 2 64 2 20,0,70,,6571,1,0,63 11 2 64 2 20,0,30,,6572,1,0,63 11 2 64 2 20,0,70,,6579,1,0,63 11 2 64 2 20,0,30,,6569,1,0,63 11 2 64 2 20,0,70,,4758,1,0,63 11 2 64 2 20,0,30,,6566,1,0,63 11 2 64 2 20,0,70,,4285,1,0,63 11 2 64 2 20,0,30,,6581,1,0,63 11 2 64 2 20,0,100,,6567,1,0,63 11 2 64 2 20,0,100,,6565,1,0,63 11 2 64 2 20,0,100,,4477,1,0,63 11 2 64 2 20,0,100,,6573,1,0,63 11 2 64 2 20,0,100,,6570,1,0,63 11 2 64 2 20,0,70,,6563,1,0,63 11 2 64 2 20,0,30,,6568,1,0,63 11 2 64 2 20,0,70,,3956,1,0,63 11 2 64 2 20,0,30,,6578,1,0,63 11 2 64 2 20,0,70,,6577,1,0,63 11 2 64 2 20,0,30,,4288,1,0,63 11 2 64 2 20,0,70,,3221,1,0,63 11 2 64 2 20,0,30,,6580,1,0,63 11 2 64 2 20,0,70,,6574,1,0,63 11 2 64 2 20,0,30,,6564,1,0,63 11 2 64 2 20,0
1301,'3',815,,6588,1,0,63 11 2 64 2 20,0,100,,6586,1,0,63 11 2 64 2 20,0,100,,6590,1,0,63 11 2 64 2 20,0,100,,6585,1,0,63 11 2 64 2 20,0,100,,6584,1,0,63 11 2 64 2 20,0,100,,4711,1,0,63 11 2 64 2 20,0,100,,4972,1,0,63 11 2 64 2 20,0,100,,6589,1,0,63 11 2 64 2 20,0,100,,6587,1,0,63 11 2 64 2 20,0,100,,6583,1,0,63 11 2 64 2 20,0,100,,3996,1,0,63 11 2 64 2 20,0,100,,6582,1,0,63 11 2 64 2 20,0
1301,'4',515,,4324,1,0,63 11 2 64 2 20,0,30,,6591,1,0,63 11 2 64 2 20,0,70,,6596,1,0,63 11 2 64 2 20,0,30,,6607,1,0,63 11 2 64 2 20,0,70,,6598,1,0,63 11 2 64 2 20,0,30,,6608,1,0,63 11 2 64 2 20,0,70,,6604,1,0,63 11 2 64 2 20,0,30,,6601,1,0,63 11 2 64 2 20,0,70,,6603,1,0,63 11 2 64 2 20,0,30,,6599,1,0,63 11 2 64 2 20,0,100,,5094,1,0,63 11 2 64 2 20,0,100,,6594,1,0,63 11 2 64 2 20,0,100,,6592,1,0,63 11 2 64 2 20,0,100,,3839,1,0,63 11 2 64 2 20,0,100,,6602,1,0,63 11 2 64 2 20,0,70,,6609,1,0,63 11 2 64 2 20,0,30,,1316,1,0,63 11 2 64 2 20,0,70,,6600,1,0,63 11 2 64 2 20,0,30,,6593,1,0,63 11 2 64 2 20,0,70,,6606,1,0,63 11 2 64 2 20,0,30,,1126,1,0,63 11 2 64 2 20,0,70,,6597,1,0,63 11 2 64 2 20,0,30,,6605,1,0,63 11 2 64 2 20,0,70,,4814,1,0,63 11 2 64 2 20,0,30,,6595,1,0,63 11 2 64 2 20,0
1500,'1',515,,6613,1,0,38 2 39,0,30,,6620,1,0,38 2 39,0,70,,6621,1,0,38 2 39,0,30,,6617,1,0,38 2 39,0,70,,6615,1,0,38 2 39,0,30,,6611,1,0,38 2 39,0,70,,4148,1,0,38 2 39,0,30,,4565,1,0,38 2 39,0,70,,6625,1,0,38 2 39,0,100,,4959,1,0,38 2 39,0,100,,6612,1,0,38 2 39,0,100,,4065,1,0,38 2 39,0,100,,6610,1,0,38 2 39,0,100,,6622,1,0,38 2 39,0,30,,6616,1,0,38 2 39,0,70,,6614,1,0,38 2 39,0,30,,6626,1,0,38 2 39,0,70,,6619,1,0,38 2 39,0,30,,6623,1,0,38 2 39,0,70,,5118,1,0,38 2 39,0,30,,927,1,0,38 2 39,0,70,,6624,1,0,38 2 39,0,100,,6618,1,0,38 2 39,0
1500,'2',515,,6634,1,0,38 2 39,0,30,,6636,1,0,38 2 39,0,70,,6635,1,0,38 2 39,0,30,,6628,1,0,38 2 39,0,70,,6632,1,0,38 2 39,0,30,,6631,1,0,38 2 39,0,70,,6630,1,0,38 2 39,0,30,,5100,1,0,38 2 39,0,70,,6629,1,0,38 2 39,0,100,,5167,1,0,38 2 39,0,100,,6639,1,0,38 2 39,0,100,,6633,1,0,38 2 39,0,100,,6637,1,0,38 2 39,0,100,,4421,1,0,38 2 39,0,30,,1790,1,0,38 2 39,0,70,,6638,1,0,38 2 39,0,30,,3847,1,0,38 2 39,0,70,,3627,1,0,38 2 39,0,30,,1069,1,0,38 2 39,0,70,,2963,1,0,38 2 39,0,30,,6640,1,0,38 2 39,0,70,,4425,1,0,38 2 39,0,100,,6627,1,0,38 2 39,0
1500,'3',815,,4868,1,0,38 2 39,0,100,,6648,1,0,38 2 39,0,100,,6642,1,0,38 2 39,0,100,,6649,1,0,38 2 39,0,100,,6643,1,0,38 2 39,0,100,,6644,1,0,38 2 39,0,100,,6650,1,0,38 2 39,0,100,,6645,1,0,38 2 39,0,100,,6646,1,0,38 2 39,0,100,,6651,1,0,38 2 39,0,100,,6641,1,0,38 2 39,0,100,,6647,1,0,38 2 39,0
1500,'4',515,,6667,1,0,38 2 39,0,30,,6657,1,0,38 2 39,0,70,,4118,1,0,38 2 39,0,30,,6660,1,0,38 2 39,0,70,,6659,1,0,38 2 39,0,30,,6655,1,0,38 2 39,0,70,,4932,1,0,38 2 39,0,30,,6664,1,0,38 2 39,0,70,,6668,1,0,38 2 39,0,100,,2914,1,0,38 2 39,0,100,,6656,1,0,38 2 39,0,100,,6652,1,0,38 2 39,0,100,,6653,1,0,38 2 39,0,100,,2865,1,0,38 2 39,0,30,,6658,1,0,38 2 39,0,70,,6662,1,0,38 2 39,0,30,,6661,1,0,38 2 39,0,70,,6666,1,0,38 2 39,0,30,,6663,1,0,38 2 39,0,70,,6654,1,0,38 2 39,0,30,,6665,1,0,38 2 39,0,70,,3821,1,0,38 2 39,0,100,,4665,1,0,38 2 39,0
1501,'1',607,,6678,26,4,,0,30,,6680,26,4,,0,70,,4375,26,4,,0,30,,2327,26,4,,0,70,,3728,26,4,,0,30,,6681,26,4,,0,70,,6669,26,4,,0,30,,6670,26,4,,0,70,,6675,26,4,,0,100,,4564,26,4,,0,100,,6683,26,4,,0,100,,6677,26,4,,0,100,,6672,26,4,,0,100,,6671,26,4,,0,30,,6682,26,4,,0,70,,6676,26,4,,0,30,,6673,26,4,,0,70,,6679,26,4,,0,30,,1574,26,4,,0,70,,3977,26,4,,0,30,,6674,26,4,,0,70,,6684,26,4,,0,100,,2654,26,4,,0
1501,'2',607,,3154,26,4,,0,30,,6692,26,4,,0,70,,6691,26,4,,0,30,,6702,26,4,,0,70,,6689,26,4,,0,30,,6700,26,4,,0,70,,4836,26,4,,0,30,,6698,26,4,,0,70,,6693,26,4,,0,100,,6686,26,4,,0,100,,6690,26,4,,0,100,,6697,26,4,,0,100,,6695,26,4,,0,100,,6696,26,4,,0,30,,6701,26,4,,0,70,,975,26,4,,0,30,,6687,26,4,,0,70,,6699,26,4,,0,30,,6685,26,4,,0,70,,5265,26,4,,0,30,,3945,26,4,,0,70,,6694,26,4,,0,100,,6688,26,4,,0
1501,'3',907,,4000,26,4,,0,100,,6706,26,4,,0,100,,6712,26,4,,0,100,,6708,26,4,,0,100,,6713,26,4,,0,100,,6710,26,4,,0,100,,6711,26,4,,0,100,,6705,26,4,,0,100,,6704,26,4,,0,100,,6709,26,4,,0,100,,6707,26,4,,0,100,,6703,26,4,,0
1501,'4',607,,6722,26,4,,0,30,,6715,26,4,,0,70,,432,26,4,,0,30,,6721,26,4,,0,70,,6728,26,4,,0,30,,6723,26,4,,0,70,,6725,26,4,,0,30,,4472,26,4,,0,70,,6714,26,4,,0,100,,6717,26,4,,0,100,,6724,26,4,,0,100,,5037,26,4,,0,100,,4023,26,4,,0,100,,6719,26,4,,0,30,,1658,26,4,,0,70,,6727,26,4,,0,30,,6726,26,4,,0,70,,333,26,4,,0,30,,6716,26,4,,0,70,,6729,26,4,,0,30,,6718,26,4,,0,70,,6720,26,4,,0,100,,1222,26,4,,0
1600,'1',515,,4362,1,0,66 67,0,30,,5217,1,0,66 67,0,70,,4627,1,0,66 67,0,30,,6746,1,0,66 67,0,70,,6735,1,0,66 67,0,30,,6751,1,0,66 67,0,70,,6744,1,0,66 67,0,30,,6749,1,0,66 67,0,70,,6742,1,0,66 67,0,30,,6748,1,0,66 67,0,70,,6730,1,0,66 67,0,30,,6732,1,0,66 67,0,70,,6734,1,0,66 67,0,30,,6750,1,0,66 67,0,70,,6738,1,0,66 67,0,30,,4159,1,0,66 67,0,70,,4056,1,0,66 67,0,30,,4503,1,0,66 67,0,70,,4220,1,0,66 67,0,30,,6733,1,0,66 67,0,70,,6736,1,0,66 67,0,30,,6741,1,0,66 67,0,70,,6739,1,0,66 67,0,30,,6745,1,0,66 67,0,70,,6743,1,0,66 67,0,30,,6731,1,0,66 67,0,70,,6740,1,0,66 67,0,30,,6747,1,0,66 67,0,70,,2811,1,0,66 67,0,30,,6737,1,0,66 67,0
1600,'2',515,,4607,1,0,66 67,0,30,,6757,1,0,66 67,0,70,,6773,1,0,66 67,0,30,,2224,1,0,66 67,0,70,,6763,1,0,66 67,0,30,,6756,1,0,66 67,0,70,,6755,1,0,66 67,0,30,,6769,1,0,66 67,0,70,,6753,1,0,66 67,0,30,,6765,1,0,66 67,0,70,,615,1,0,66 67,0,30,,2511,1,0,66 67,0,70,,6754,1,0,66 67,0,30,,2895,1,0,66 67,0,70,,6760,1,0,66 67,0,30,,6764,1,0,66 67,0,70,,5246,1,0,66 67,0,30,,6771,1,0,66 67,0,70,,6772,1,0,66 67,0,30,,6752,1,0,66 67,0,70,,3683,1,0,66 67,0,30,,6770,1,0,66 67,0,70,,6766,1,0,66 67,0,30,,6759,1,0,66 67,0,70,,6768,1,0,66 67,0,30,,6762,1,0,66 67,0,70,,4892,1,0,66 67,0,30,,6761,1,0,66 67,0,70,,6767,1,0,66 67,0,30,,6758,1,0,66 67,0
1600,'3',845,,6783,1,0,66 67,0,100,,6781,1,0,66 67,0,100,,6774,1,0,66 67,0,100,,6782,1,0,66 67,0,100,,6776,1,0,66 67,0,100,,4707,1,0,66 67,0,100,,6775,1,0,66 67,0,100,,6779,1,0,66 67,0,100,,6780,1,0,66 67,0,100,,6778,1,0,66 67,0,100,,6784,1,0,66 67,0,100,,6777,1,0,66 67,0
1600,'4',515,,4531,1,0,66 67,0,30,,6794,1,0,66 67,0,70,,6792,1,0,66 67,0,30,,1570,1,0,66 67,0,70,,6806,1,0,66 67,0,30,,3128,1,0,66 67,0,70,,6798,1,0,66 67,0,30,,6790,1,0,66 67,0,70,,6804,1,0,66 67,0,30,,6789,1,0,66 67,0,70,,6808,1,0,66 67,0,30,,6795,1,0,66 67,0,70,,6807,1,0,66 67,0,30,,6791,1,0,66 67,0,70,,6805,1,0,66 67,0,30,,6799,1,0,66 67,0,70,,6802,1,0,66 67,0,30,,6787,1,0,66 67,0,70,,3171,1,0,66 67,0,30,,6797,1,0,66 67,0,70,,6786,1,0,66 67,0,30,,6796,1,0,66 67,0,70,,6803,1,0,66 67,0,30,,6785,1,0,66 67,0,70,,6793,1,0,66 67,0,30,,4395,1,0,66 67,0,70,,6800,1,0,66 67,0,30,,6788,1,0,66 67,0,70,,6801,1,0,66 67,0,30,,4187,1,0,66 67,0
1601,'1',541,,6816,10,4,,0,70,,6812,10,4,,0,30,,6822,10,4,,0,70,,6829,10,4,,0,30,,6819,10,4,,0,70,,6813,10,4,,0,30,,6818,10,4,,0,70,,1935,10,4,,0,30,,6820,10,4,,0,70,,6809,10,4,,0,30,,6814,10,4,,0,70,,6810,10,4,,0,30,,6832,10,4,,0,70,,6821,10,4,,0,30,,6817,10,4,,0,70,,6828,10,4,,0,30,,6824,10,4,,0,70,,1142,10,4,,0,30,,6830,10,4,,0,70,,6815,10,4,,0,30,,6831,10,4,,0,70,,3791,10,4,,0,30,,5221,10,4,,0,70,,1332,10,4,,0,30,,6811,10,4,,0,70,,4073,10,4,,0,30,,6827,10,4,,0,70,,6823,10,4,,0,30,,6826,10,4,,0,70,,6825,10,4,,0
1601,'2',541,,6843,10,4,,0,70,,6836,10,4,,0,30,,6847,10,4,,0,70,,4341,10,4,,0,30,,6841,10,4,,0,70,,6839,10,4,,0,30,,6842,10,4,,0,70,,6851,10,4,,0,30,,6834,10,4,,0,70,,6837,10,4,,0,30,,4212,10,4,,0,70,,4898,10,4,,0,30,,6846,10,4,,0,70,,4493,10,4,,0,30,,6850,10,4,,0,70,,6835,10,4,,0,30,,4488,10,4,,0,70,,6852,10,4,,0,30,,6848,10,4,,0,70,,4217,10,4,,0,30,,4352,10,4,,0,70,,6838,10,4,,0,30,,1063,10,4,,0,70,,6840,10,4,,0,30,,512,10,4,,0,70,,4045,10,4,,0,30,,6849,10,4,,0,70,,6844,10,4,,0,30,,6845,10,4,,0,70,,6833,10,4,,0
1601,'3',911,,6856,10,4,,0,100,,6858,10,4,,0,100,,6862,10,4,,0,100,,6857,10,4,,0,100,,6855,10,4,,0,100,,6861,10,4,,0,100,,6854,10,4,,0,100,,5137,10,4,,0,100,,6863,10,4,,0,100,,6860,10,4,,0,100,,6859,10,4,,0,100,,6853,10,4,,0
1601,'4',541,,6866,10,4,,0,70,,6872,10,4,,0,30,,6868,10,4,,0,70,,6871,10,4,,0,30,,6875,10,4,,0,70,,4401,10,4,,0,30,,3359,10,4,,0,70,,4096,10,4,,0,30,,6874,10,4,,0,70,,6864,10,4,,0,30,,6869,10,4,,0,70,,2372,10,4,,0,30,,6879,10,4,,0,70,,6867,10,4,,0,30,,4821,10,4,,0,70,,6876,10,4,,0,30,,4022,10,4,,0,70,,6870,10,4,,0,30,,4655,10,4,,0,70,,6873,10,4,,0,30,,5147,10,4,,0,70,,6865,10,4,,0,30,,3828,10,4,,0,70,,6882,10,4,,0,30,,6881,10,4,,0,70,,4254,10,4,,0,30,,4604,10,4,,0,70,,6877,10,4,,0,30,,6880,10,4,,0,70,,6878,10,4,,0
1800,'1',516,,1159,1,0,44 45,0,1199,,2492,1,0,44 45,0
1800,'2',516,,6883,1,0,44 45,0,1199,,4894,1,0,44 45,0
1801,'1',510,,6902,8,4,,0,5,,6895,1,0,44 45,0,25,,6895,17,4,,0,5,,6885,1,0,44 45,0,65,,6885,17,4,,0,5,,6886,1,0,44 45,0,25,,6886,17,4,,0,5,,6891,1,0,44 45,0,65,,6891,17,4,,0,5,,6894,1,0,44 45,0,25,,6894,17,4,,0,5,,6892,1,0,44 45,0,65,,6892,17,4,,0,5,,6893,1,0,44 45,0,25,,6893,17,4,,0,5,,6903,1,0,44 45,0,65,,6903,17,4,,0,5,,2665,1,0,44 45,0,25,,2665,17,4,,0,5,,6898,1,0,44 45,0,65,,6898,17,4,,0,5,,3882,1,0,44 45,0,25,,3882,17,4,,0,5,,5176,1,0,44 45,0,65,,5176,17,4,,0,5,,6890,1,0,44 45,0,25,,6890,17,4,,0,5,,6887,1,0,44 45,0,65,,6887,17,4,,0,5,,6899,1,0,44 45,0,25,,6899,17,4,,0,5,,6889,1,0,44 45,0,65,,6889,17,4,,0,5,,4222,1,0,44 45,0,25,,4222,17,4,,0,5,,6901,1,0,44 45,0,65,,6901,17,4,,0,5,,6897,1,0,44 45,0,25,,6897,17,4,,0,5,,6896,1,0,44 45,0,65,,6896,17,4,,0,5,,6884,1,0,44 45,0,20,,6888,8,4,,0,5,,6884,17,4,,0,5,,6904,1,0,44 45,0,65,,6904,17,4,,0,5,,6900,1,0,44 45,0,25,,6900,17,4,,0,5,,3285,1,0,44 45,0,65,,3285,17,4,,0
1801,'2',510,,6916,8,4,,0,5,,6908,1,0,44 45,0,25,,6908,17,4,,0,5,,3744,1,0,44 45,0,65,,3744,17,4,,0,5,,6919,1,0,44 45,0,25,,6919,17,4,,0,5,,6912,1,0,44 45,0,65,,6912,17,4,,0,5,,4759,1,0,44 45,0,25,,4759,17,4,,0,5,,6909,1,0,44 45,0,65,,6909,17,4,,0,5,,3684,1,0,44 45,0,25,,3684,17,4,,0,5,,6911,1,0,44 45,0,65,,6911,17,4,,0,5,,2519,1,0,44 45,0,25,,2519,17,4,,0,5,,6920,1,0,44 45,0,65,,6920,17,4,,0,5,,6918,1,0,44 45,0,25,,6918,17,4,,0,5,,526,1,0,44 45,0,65,,526,17,4,,0,5,,6907,1,0,44 45,0,25,,6907,17,4,,0,5,,6915,1,0,44 45,0,65,,6915,17,4,,0,5,,6914,1,0,44 45,0,25,,6914,17,4,,0,5,,6917,1,0,44 45,0,65,,6917,17,4,,0,5,,4345,1,0,44 45,0,25,,4345,17,4,,0,5,,3958,1,0,44 45,0,65,,3958,17,4,,0,5,,6910,1,0,44 45,0,25,,6910,17,4,,0,5,,6905,1,0,44 45,0,65,,6905,17,4,,0,5,,3388,1,0,44 45,0,25,,3388,17,4,,0,5,,4282,1,0,44 45,0,65,,4282,17,4,,0,5,,6906,1,0,44 45,0,25,,6906,17,4,,0,5,,6913,1,0,44 45,0,65,,6913,17,4,,0
13001,'1',745,,6945,1,,,0,70,,6946,1,,,0
14001,'1',815,,6961,1,0,24,0
15001,'1',745,,6972,1,,,0,70,,6971,1,,,0,30,,6970,1,,,0
16001,'1',845,,6979,1,,,0
