1000,'1',537,,2276,26,0,32,0,70,,6006,26,0,32,0,30,,2410,26,0,32,0,70,,6002,26,0,32,0,30,,6003,26,0,32,0,70,,5996,26,0,32,0,30,,4636,26,0,32,0,70,,5994,26,0,32,0,30,,4559,26,0,32,0,70,,2809,26,0,32,0,30,,5177,26,0,32,0,70,,5999,26,0,32,0,30,,4850,26,0,32,0,70,,6004,26,0,32,0,30,,6005,26,0,32,0,70,,5993,26,0,32,0,30,,2812,26,0,32,0,70,,5998,26,0,32,0,30,,5006,26,0,32,0,70,,6008,26,0,32,0,30,,5064,26,0,32,0,70,,4157,26,0,32,0,30,,6009,26,0,32,0,70,,6001,26,0,32,0,30,,5995,26,0,32,0,70,,4563,26,0,32,0,30,,4061,26,0,32,0,70,,6000,26,0,32,0,30,,5997,26,0,32,0,70,,5992,26,0,32,0
1000,'2',537,,723,26,0,32,0,70,,2421,26,0,32,0,30,,5259,26,0,32,0,70,,6016,26,0,32,0,30,,6013,26,0,32,0,70,,6030,26,0,32,0,30,,6014,26,0,32,0,70,,6019,26,0,32,0,30,,6015,26,0,32,0,70,,6022,26,0,32,0,30,,6011,26,0,32,0,70,,4280,26,0,32,0,30,,866,26,0,32,0,70,,4609,26,0,32,0,30,,6026,26,0,32,0,70,,6027,26,0,32,0,30,,5112,26,0,32,0,70,,6028,26,0,32,0,30,,6010,26,0,32,0,70,,6023,26,0,32,0,30,,6017,26,0,32,0,70,,6029,26,0,32,0,30,,6018,26,0,32,0,70,,4895,26,0,32,0,30,,4555,26,0,32,0,70,,6012,26,0,32,0,30,,6025,26,0,32,0,70,,6024,26,0,32,0,30,,4036,26,0,32,0,70,,6021,26,0,32,0
1000,'3',837,,4381,26,0,32,0,100,,6040,26,0,32,0,100,,6036,26,0,32,0,100,,6032,26,0,32,0,100,,6039,26,0,32,0,100,,6031,26,0,32,0,100,,6033,26,0,32,0,100,,6035,26,0,32,0,100,,6037,26,0,32,0,100,,3521,26,0,32,0,100,,6038,26,0,32,0,100,,6034,26,0,32,0
1000,'4',537,,2918,26,0,32,0,70,,6045,26,0,32,0,30,,6052,26,0,32,0,70,,6041,26,0,32,0,30,,2631,26,0,32,0,70,,6060,26,0,32,0,30,,6064,26,0,32,0,70,,6044,26,0,32,0,30,,6058,26,0,32,0,70,,6059,26,0,32,0,30,,6054,26,0,32,0,70,,6066,26,0,32,0,30,,6057,26,0,32,0,70,,6063,26,0,32,0,30,,6043,26,0,32,0,70,,6047,26,0,32,0,30,,4103,26,0,32,0,70,,6056,26,0,32,0,30,,6055,26,0,32,0,70,,6048,26,0,32,0,30,,4262,26,0,32,0,70,,6067,26,0,32,0,30,,6046,26,0,32,0,70,,6053,26,0,32,0,30,,6042,26,0,32,0,70,,6049,26,0,32,0,30,,6062,26,0,32,0,70,,6051,26,0,32,0,30,,6061,26,0,32,0,70,,6065,26,0,32,0
12100,'1',1559,,6936,13,0,27 28,0
12101,'1',829,,6937,5,0,27 28,0
13700,'1',1535,,6956,17,0,100 10 11 31 3 27 16,0
13701,'1',739,,6957,5,0,33,0
14401,'1',813,,6968,7,0,24,0
15200,'1',1601,,6975,19,0,54 93 105 100 10 11,0
15201,'1',821,,4690,12,0,75 1 76,0,0,,6976,9,0,75 1 76,0
