100,'1',520,,5286,11,0,40 41 42 43,0,30,,5296,11,0,40 41 42 43,0,70,,5294,11,0,40 41 42 43,0,30,,5291,11,0,40 41 42 43,0,70,,5290,11,0,40 41 42 43,0,30,,5299,11,0,40 41 42 43,0,70,,215,11,0,40 41 42 43,0,30,,5304,11,0,40 41 42 43,0,70,,5301,11,0,40 41 42 43,0,30,,5303,11,0,40 41 42 43,0,70,,4857,11,0,40 41 42 43,0,30,,5280,11,0,40 41 42 43,0,70,,5295,11,0,40 41 42 43,0,30,,5297,11,0,40 41 42 43,0,70,,5288,11,0,40 41 42 43,0,30,,5298,11,0,40 41 42 43,0,70,,5292,11,0,40 41 42 43,0,30,,4363,11,0,40 41 42 43,0,70,,5284,11,0,40 41 42 43,0,30,,5283,11,0,40 41 42 43,0,70,,3885,11,0,40 41 42 43,0,30,,5293,11,0,40 41 42 43,0,70,,5302,11,0,40 41 42 43,0,30,,4632,11,0,40 41 42 43,0,70,,2042,11,0,40 41 42 43,0,30,,3490,11,0,40 41 42 43,0,70,,5281,11,0,40 41 42 43,0,30,,5287,11,0,40 41 42 43,0,70,,5279,11,0,40 41 42 43,0,30,,4777,11,0,40 41 42 43,0,70,,5300,11,0,40 41 42 43,0,30,,4961,11,0,40 41 42 43,0,70,,4638,11,0,40 41 42 43,0,30,,5285,11,0,40 41 42 43,0,70,,5289,11,0,40 41 42 43,0,30,,5282,11,0,40 41 42 43,0,59,,4637,11,4,,0
100,'2',520,,5326,11,0,40 41 42 43,0,30,,5320,11,0,40 41 42 43,0,70,,5310,11,0,40 41 42 43,0,30,,4998,11,0,40 41 42 43,0,70,,5322,11,0,40 41 42 43,0,30,,5307,11,0,40 41 42 43,0,70,,5329,11,0,40 41 42 43,0,30,,5319,11,0,40 41 42 43,0,70,,5312,11,0,40 41 42 43,0,30,,5309,11,0,40 41 42 43,0,70,,5106,11,0,40 41 42 43,0,30,,5313,11,0,40 41 42 43,0,70,,5308,11,0,40 41 42 43,0,30,,5323,11,0,40 41 42 43,0,70,,3846,11,0,40 41 42 43,0,30,,5324,11,0,40 41 42 43,0,70,,2950,11,0,40 41 42 43,0,30,,5305,11,0,40 41 42 43,0,70,,5318,11,0,40 41 42 43,0,30,,5316,11,0,40 41 42 43,0,70,,5325,11,0,40 41 42 43,0,30,,4954,11,0,40 41 42 43,0,70,,5311,11,0,40 41 42 43,0,30,,5306,11,0,40 41 42 43,0,70,,2823,11,0,40 41 42 43,0,30,,5317,11,0,40 41 42 43,0,70,,5330,11,0,40 41 42 43,0,30,,5315,11,0,40 41 42 43,0,70,,5273,11,0,40 41 42 43,0,30,,5327,11,0,40 41 42 43,0,70,,4196,11,0,40 41 42 43,0,30,,4943,11,0,40 41 42 43,0,70,,1887,11,0,40 41 42 43,0,30,,5328,11,0,40 41 42 43,0,70,,5314,11,0,40 41 42 43,0,30,,2597,11,0,40 41 42 43,0,59,,5321,11,4,,0
100,'3',820,,5331,11,0,40 41 42 43,0,30,,5336,11,0,40 41 42 43,0,70,,5334,11,0,40 41 42 43,0,30,,5346,11,0,40 41 42 43,0,70,,5350,11,0,40 41 42 43,0,30,,5347,11,0,40 41 42 43,0,70,,5339,11,0,40 41 42 43,0,30,,5342,11,0,40 41 42 43,0,70,,4719,11,0,40 41 42 43,0,30,,5352,11,0,40 41 42 43,0,70,,5340,11,0,40 41 42 43,0,30,,5335,11,0,40 41 42 43,0,70,,5351,11,0,40 41 42 43,0,30,,5348,11,0,40 41 42 43,0,70,,5338,11,0,40 41 42 43,0,30,,5337,11,0,40 41 42 43,0,70,,5343,11,0,40 41 42 43,0,30,,5344,11,0,40 41 42 43,0,70,,5345,11,0,40 41 42 43,0,30,,5349,11,0,40 41 42 43,0,70,,5333,11,0,40 41 42 43,0,30,,5341,11,0,40 41 42 43,0,70,,5332,11,0,40 41 42 43,0
100,'4',520,,5380,11,0,40 41 42 43,0,30,,5358,11,0,40 41 42 43,0,70,,5360,11,0,40 41 42 43,0,30,,5364,11,0,40 41 42 43,0,70,,2555,11,0,40 41 42 43,0,30,,5359,11,0,40 41 42 43,0,70,,5372,11,0,40 41 42 43,0,30,,5370,11,0,40 41 42 43,0,70,,5375,11,0,40 41 42 43,0,30,,5371,11,0,40 41 42 43,0,70,,5035,11,0,40 41 42 43,0,30,,2464,11,0,40 41 42 43,0,70,,5373,11,0,40 41 42 43,0,30,,4017,11,0,40 41 42 43,0,70,,5361,11,0,40 41 42 43,0,30,,5357,11,0,40 41 42 43,0,70,,5374,11,0,40 41 42 43,0,30,,5377,11,0,40 41 42 43,0,70,,3121,11,0,40 41 42 43,0,30,,5368,11,0,40 41 42 43,0,70,,5367,11,0,40 41 42 43,0,30,,4878,11,0,40 41 42 43,0,70,,5356,11,0,40 41 42 43,0,30,,5362,11,0,40 41 42 43,0,70,,5353,11,0,40 41 42 43,0,30,,5378,11,0,40 41 42 43,0,70,,2924,11,0,40 41 42 43,0,30,,5355,11,0,40 41 42 43,0,70,,5363,11,0,40 41 42 43,0,30,,5369,11,0,40 41 42 43,0,70,,5379,11,0,40 41 42 43,0,30,,4460,11,0,40 41 42 43,0,70,,5354,11,0,40 41 42 43,0,30,,5366,11,0,40 41 42 43,0,70,,5376,11,0,40 41 42 43,0,30,,5365,11,0,40 41 42 43,0,59,,4320,11,4,,0
1800,'1',521,,1159,4,0,44 45,0,1199,,2492,4,0,44 45,0
1800,'2',521,,6883,4,0,44 45,0,1199,,4894,4,0,44 45,0
1801,'1',520,,6895,5,0,44 45,0,30,,6885,5,0,44 45,0,70,,6886,5,0,44 45,0,30,,6891,5,0,44 45,0,70,,6894,5,0,44 45,0,30,,6892,5,0,44 45,0,70,,6893,5,0,44 45,0,30,,6903,5,0,44 45,0,70,,2665,5,0,44 45,0,30,,6898,5,0,44 45,0,70,,3882,5,0,44 45,0,30,,5176,5,0,44 45,0,70,,6890,5,0,44 45,0,30,,6887,5,0,44 45,0,70,,6899,5,0,44 45,0,30,,6889,5,0,44 45,0,70,,4222,5,0,44 45,0,30,,6901,5,0,44 45,0,70,,6897,5,0,44 45,0,30,,6896,5,0,44 45,0,70,,6884,5,0,44 45,0,30,,6904,5,0,44 45,0,70,,6900,5,0,44 45,0,30,,3285,5,0,44 45,0
1801,'2',520,,6908,5,0,44 45,0,30,,3744,5,0,44 45,0,70,,6919,5,0,44 45,0,30,,6912,5,0,44 45,0,70,,4759,5,0,44 45,0,30,,6909,5,0,44 45,0,70,,3684,5,0,44 45,0,30,,6911,5,0,44 45,0,70,,2519,5,0,44 45,0,30,,6920,5,0,44 45,0,70,,6918,5,0,44 45,0,30,,526,5,0,44 45,0,70,,6907,5,0,44 45,0,30,,6915,5,0,44 45,0,70,,6914,5,0,44 45,0,30,,6917,5,0,44 45,0,70,,4345,5,0,44 45,0,30,,3958,5,0,44 45,0,70,,6910,5,0,44 45,0,30,,6905,5,0,44 45,0,70,,3388,5,0,44 45,0,30,,4282,5,0,44 45,0,70,,6906,5,0,44 45,0,30,,6913,5,0,44 45,0
13100,'1',1530,,6947,5,,,0
13400,'1',1525,,6950,5,,,0,5,,6951,5,,,0
13800,'1',1530,,6958,5,,,0
16001,'1',851,,6979,6,,,0
