1001,'1',527,,6082,16,0,32,0,30,,6083,16,0,32,0,70,,6088,16,0,32,0,30,,6077,16,0,32,0,70,,6085,16,0,32,0,30,,6086,16,0,32,0,70,,6080,16,0,32,0,30,,6074,16,0,32,0,70,,6081,16,0,32,0,30,,6078,16,0,32,0,70,,6072,16,0,32,0,30,,6068,16,0,32,0,70,,6073,16,0,32,0,30,,5123,16,0,32,0,70,,6070,16,0,32,0,30,,6075,16,0,32,0,70,,2649,16,0,32,0,30,,6092,16,0,32,0,70,,6089,16,0,32,0,30,,2325,16,0,32,0,70,,6071,16,0,32,0,30,,6091,16,0,32,0,70,,6076,16,0,32,0,30,,6090,16,0,32,0,70,,3495,16,0,32,0,30,,6087,16,0,32,0,70,,5229,16,0,32,0,30,,6079,16,0,32,0,70,,6084,16,0,32,0,30,,6069,16,0,32,0
1001,'2',527,,6103,16,0,32,0,30,,6111,16,0,32,0,70,,6113,16,0,32,0,30,,6097,16,0,32,0,70,,6112,16,0,32,0,30,,388,16,0,32,0,70,,6101,16,0,32,0,30,,6100,16,0,32,0,70,,6104,16,0,32,0,30,,4276,16,0,32,0,70,,4681,16,0,32,0,30,,6105,16,0,32,0,70,,6109,16,0,32,0,30,,4750,16,0,32,0,70,,5262,16,0,32,0,30,,6094,16,0,32,0,70,,4760,16,0,32,0,30,,6107,16,0,32,0,70,,6099,16,0,32,0,30,,6110,16,0,32,0,70,,2948,16,0,32,0,30,,6106,16,0,32,0,70,,1278,16,0,32,0,30,,6114,16,0,32,0,70,,6096,16,0,32,0,30,,6108,16,0,32,0,70,,6095,16,0,32,0,30,,6098,16,0,32,0,70,,6093,16,0,32,0,30,,6102,16,0,32,0
1001,'3',857,,6123,16,0,32,0,100,,6126,16,0,32,0,100,,6125,16,0,32,0,100,,6121,16,0,32,0,100,,6118,16,0,32,0,100,,6124,16,0,32,0,100,,6120,16,0,32,0,100,,6119,16,0,32,0,100,,6115,16,0,32,0,100,,6116,16,0,32,0,100,,6117,16,0,32,0,100,,6122,16,0,32,0
1001,'4',527,,4660,16,0,32,0,30,,6133,16,0,32,0,70,,6142,16,0,32,0,30,,6146,16,0,32,0,70,,6143,16,0,32,0,30,,6129,16,0,32,0,70,,6148,16,0,32,0,30,,6144,16,0,32,0,70,,159,16,0,32,0,30,,4736,16,0,32,0,70,,1996,16,0,32,0,30,,6137,16,0,32,0,70,,6139,16,0,32,0,30,,6138,16,0,32,0,70,,6140,16,0,32,0,30,,6127,16,0,32,0,70,,6141,16,0,32,0,30,,566,16,0,32,0,70,,6136,16,0,32,0,30,,6134,16,0,32,0,70,,6145,16,0,32,0,30,,6128,16,0,32,0,70,,4991,16,0,32,0,30,,6149,16,0,32,0,70,,6147,16,0,32,0,30,,6135,16,0,32,0,70,,6130,16,0,32,0,30,,6131,16,0,32,0,70,,4980,16,0,32,0,30,,6132,16,0,32,0
11101,'1',752,,4966,18,,,0
12001,'1',839,,6935,15,0,27 28,0
13501,'1',754,,6954,26,,,0
13701,'1',753,,6957,21,0,33,0
14000,'1',1600,,5008,8,0,24,0
15000,'1',1556,,6969,11,,,0
