101,'1',524,,5385,13,0,40 41 42 43,0,30,,480,21,0,40 41 42 43,0,70,,4064,21,0,40 41 42 43,0,30,,4372,21,0,40 41 42 43,0,70,,3886,21,0,40 41 42 43,0,30,,5396,21,0,40 41 42 43,0,70,,1462,21,0,40 41 42 43,0,30,,5399,21,0,40 41 42 43,0,70,,5390,21,0,40 41 42 43,0,30,,5398,21,0,40 41 42 43,0,70,,5394,21,0,40 41 42 43,0,30,,5397,21,0,40 41 42 43,0,70,,5402,21,0,40 41 42 43,0,30,,5403,21,0,40 41 42 43,0,70,,5407,21,0,40 41 42 43,0,30,,5391,21,0,40 41 42 43,0,70,,5389,21,0,40 41 42 43,0,30,,5387,21,0,40 41 42 43,0,70,,5014,21,0,40 41 42 43,0,30,,5401,21,0,40 41 42 43,0,70,,5384,21,0,40 41 42 43,0,30,,5393,21,0,40 41 42 43,0,70,,5406,21,0,40 41 42 43,0,30,,2882,21,0,40 41 42 43,0,70,,5381,21,0,40 41 42 43,0,30,,71,21,0,40 41 42 43,0,70,,5382,21,0,40 41 42 43,0,30,,5388,21,0,40 41 42 43,0,70,,4859,21,0,40 41 42 43,0,30,,5386,21,0,40 41 42 43,0,70,,5395,21,0,40 41 42 43,0,30,,4235,21,0,40 41 42 43,0,70,,1602,21,0,40 41 42 43,0,30,,5392,21,0,40 41 42 43,0,70,,5383,21,0,40 41 42 43,0,30,,5400,21,0,40 41 42 43,0,70,,5404,21,0,40 41 42 43,0
101,'2',524,,5427,13,0,40 41 42 43,0,30,,5410,21,0,40 41 42 43,0,70,,5413,21,0,40 41 42 43,0,30,,5426,21,0,40 41 42 43,0,70,,4211,21,0,40 41 42 43,0,30,,5417,21,0,40 41 42 43,0,70,,5408,21,0,40 41 42 43,0,30,,5425,21,0,40 41 42 43,0,70,,5409,21,0,40 41 42 43,0,30,,5420,21,0,40 41 42 43,0,70,,5267,21,0,40 41 42 43,0,30,,5429,21,0,40 41 42 43,0,70,,5411,21,0,40 41 42 43,0,30,,5432,21,0,40 41 42 43,0,70,,3088,21,0,40 41 42 43,0,30,,5416,21,0,40 41 42 43,0,70,,5423,21,0,40 41 42 43,0,30,,5421,21,0,40 41 42 43,0,70,,5430,21,0,40 41 42 43,0,30,,3947,21,0,40 41 42 43,0,70,,5434,21,0,40 41 42 43,0,30,,3753,21,0,40 41 42 43,0,70,,5424,21,0,40 41 42 43,0,30,,5419,21,0,40 41 42 43,0,70,,5422,21,0,40 41 42 43,0,30,,2754,21,0,40 41 42 43,0,70,,3855,21,0,40 41 42 43,0,30,,5414,21,0,40 41 42 43,0,70,,5415,21,0,40 41 42 43,0,30,,5418,21,0,40 41 42 43,0,70,,5428,21,0,40 41 42 43,0,30,,5412,21,0,40 41 42 43,0,70,,5433,21,0,40 41 42 43,0,30,,4896,21,0,40 41 42 43,0,70,,4605,21,0,40 41 42 43,0,30,,3677,21,0,40 41 42 43,0,70,,3396,21,0,40 41 42 43,0
101,'3',824,,4871,13,0,40 41 42 43,0,30,,5451,21,0,40 41 42 43,0,70,,5446,21,0,40 41 42 43,0,30,,5452,21,0,40 41 42 43,0,70,,5453,21,0,40 41 42 43,0,30,,5437,21,0,40 41 42 43,0,70,,4867,21,0,40 41 42 43,0,30,,5438,21,0,40 41 42 43,0,70,,5441,21,0,40 41 42 43,0,30,,5436,21,0,40 41 42 43,0,70,,4706,21,0,40 41 42 43,0,30,,5445,21,0,40 41 42 43,0,70,,5435,21,0,40 41 42 43,0,30,,5450,21,0,40 41 42 43,0,70,,4452,21,0,40 41 42 43,0,30,,5442,21,0,40 41 42 43,0,70,,5443,21,0,40 41 42 43,0,30,,5448,21,0,40 41 42 43,0,70,,4806,21,0,40 41 42 43,0,30,,5440,21,0,40 41 42 43,0,70,,5447,21,0,40 41 42 43,0,30,,5449,21,0,40 41 42 43,0,70,,5439,21,0,40 41 42 43,0,30,,5444,21,0,40 41 42 43,0
101,'4',524,,5454,13,0,40 41 42 43,0,30,,5469,21,0,40 41 42 43,0,70,,4813,21,0,40 41 42 43,0,30,,1827,21,0,40 41 42 43,0,70,,5462,21,0,40 41 42 43,0,30,,5480,21,0,40 41 42 43,0,70,,5478,21,0,40 41 42 43,0,30,,5461,21,0,40 41 42 43,0,70,,5456,21,0,40 41 42 43,0,30,,5476,21,0,40 41 42 43,0,70,,5483,21,0,40 41 42 43,0,30,,5471,21,0,40 41 42 43,0,70,,5479,21,0,40 41 42 43,0,30,,3652,21,0,40 41 42 43,0,70,,5477,21,0,40 41 42 43,0,30,,5463,21,0,40 41 42 43,0,70,,3830,21,0,40 41 42 43,0,30,,5472,21,0,40 41 42 43,0,70,,4931,21,0,40 41 42 43,0,30,,170,21,0,40 41 42 43,0,70,,5468,21,0,40 41 42 43,0,30,,5470,21,0,40 41 42 43,0,70,,5481,21,0,40 41 42 43,0,30,,5458,21,0,40 41 42 43,0,70,,5460,21,0,40 41 42 43,0,30,,5482,21,0,40 41 42 43,0,70,,5464,21,0,40 41 42 43,0,30,,5474,21,0,40 41 42 43,0,70,,5457,21,0,40 41 42 43,0,30,,5475,21,0,40 41 42 43,0,70,,5466,21,0,40 41 42 43,0,30,,5459,21,0,40 41 42 43,0,70,,5467,21,0,40 41 42 43,0,30,,5484,21,0,40 41 42 43,0,70,,4469,21,0,40 41 42 43,0,30,,5473,21,0,40 41 42 43,0,70,,5465,21,0,40 41 42 43,0
400,'1',526,,5180,8,0,21 2 22 23,0,30,,5835,8,0,21 2 22 23,0,70,,5840,8,0,21 2 22 23,0,30,,5849,8,0,21 2 22 23,0,70,,5843,8,0,21 2 22 23,0,30,,3789,8,0,21 2 22 23,0,70,,5845,8,0,21 2 22 23,0,30,,5848,8,0,21 2 22 23,0,70,,5856,8,0,21 2 22 23,0,30,,4693,8,0,21 2 22 23,0,70,,5850,8,0,21 2 22 23,0,30,,5854,8,0,21 2 22 23,0,70,,4695,8,0,21 2 22 23,0,30,,5839,8,0,21 2 22 23,0,70,,5837,8,0,21 2 22 23,0,30,,5846,8,0,21 2 22 23,0,70,,5211,8,0,21 2 22 23,0,30,,5838,8,0,21 2 22 23,0,70,,3137,8,0,21 2 22 23,0,30,,5842,8,0,21 2 22 23,0,70,,5847,8,0,21 2 22 23,0,30,,4514,8,0,21 2 22 23,0,70,,5853,8,0,21 2 22 23,0,30,,5851,8,0,21 2 22 23,0,70,,3875,8,0,21 2 22 23,0,30,,3983,8,0,21 2 22 23,0,70,,923,8,0,21 2 22 23,0,30,,5852,8,0,21 2 22 23,0,70,,5841,8,0,21 2 22 23,0,30,,5844,8,0,21 2 22 23,0,100,,5834,8,0,21 2 22 23,0,100,,5855,8,0,21 2 22 23,0,100,,3500,8,0,21 2 22 23,0
400,'2',526,,5242,8,0,21 2 22 23,0,30,,5859,8,0,21 2 22 23,0,70,,5862,8,0,21 2 22 23,0,30,,3864,8,0,21 2 22 23,0,70,,5869,8,0,21 2 22 23,0,30,,5874,8,0,21 2 22 23,0,70,,5865,8,0,21 2 22 23,0,30,,5880,8,0,21 2 22 23,0,70,,5877,8,0,21 2 22 23,0,30,,5857,8,0,21 2 22 23,0,70,,5863,8,0,21 2 22 23,0,30,,5875,8,0,21 2 22 23,0,70,,5867,8,0,21 2 22 23,0,30,,5248,8,0,21 2 22 23,0,70,,4548,8,0,21 2 22 23,0,30,,5878,8,0,21 2 22 23,0,70,,3562,8,0,21 2 22 23,0,30,,3963,8,0,21 2 22 23,0,70,,5870,8,0,21 2 22 23,0,30,,5872,8,0,21 2 22 23,0,70,,5861,8,0,21 2 22 23,0,30,,5879,8,0,21 2 22 23,0,70,,5864,8,0,21 2 22 23,0,30,,5866,8,0,21 2 22 23,0,70,,5873,8,0,21 2 22 23,0,30,,3964,8,0,21 2 22 23,0,70,,5868,8,0,21 2 22 23,0,30,,5858,8,0,21 2 22 23,0,70,,5881,8,0,21 2 22 23,0,30,,5876,8,0,21 2 22 23,0,100,,5860,8,0,21 2 22 23,0,100,,4684,8,0,21 2 22 23,0,100,,640,8,0,21 2 22 23,0
400,'3',826,,5884,8,0,21 2 22 23,0,100,,5070,8,0,21 2 22 23,0,100,,5891,8,0,21 2 22 23,0,100,,5889,8,0,21 2 22 23,0,100,,3406,8,0,21 2 22 23,0,100,,5887,8,0,21 2 22 23,0,100,,5885,8,0,21 2 22 23,0,100,,5886,8,0,21 2 22 23,0,100,,3808,8,0,21 2 22 23,0,100,,5882,8,0,21 2 22 23,0,100,,5888,8,0,21 2 22 23,0,100,,5883,8,0,21 2 22 23,0
400,'4',526,,5893,8,0,21 2 22 23,0,30,,3919,8,0,21 2 22 23,0,70,,5905,8,0,21 2 22 23,0,30,,5902,8,0,21 2 22 23,0,70,,5900,8,0,21 2 22 23,0,30,,5901,8,0,21 2 22 23,0,70,,3927,8,0,21 2 22 23,0,30,,5892,8,0,21 2 22 23,0,70,,4178,8,0,21 2 22 23,0,30,,5906,8,0,21 2 22 23,0,70,,5903,8,0,21 2 22 23,0,30,,4337,8,0,21 2 22 23,0,70,,4332,8,0,21 2 22 23,0,30,,4668,8,0,21 2 22 23,0,70,,5894,8,0,21 2 22 23,0,30,,5897,8,0,21 2 22 23,0,70,,4252,8,0,21 2 22 23,0,30,,5895,8,0,21 2 22 23,0,70,,299,8,0,21 2 22 23,0,30,,5904,8,0,21 2 22 23,0,70,,5909,8,0,21 2 22 23,0,30,,3582,8,0,21 2 22 23,0,70,,5896,8,0,21 2 22 23,0,30,,2983,8,0,21 2 22 23,0,70,,2635,8,0,21 2 22 23,0,30,,4881,8,0,21 2 22 23,0,70,,5907,8,0,21 2 22 23,0,30,,5899,8,0,21 2 22 23,0,70,,5898,8,0,21 2 22 23,0,30,,3935,8,0,21 2 22 23,0,100,,5092,8,0,21 2 22 23,0,100,,3257,8,0,21 2 22 23,0,100,,5908,8,0,21 2 22 23,0
1100,'1',528,,3142,4,0,5 2 6 7,0,30,,6165,4,0,5 2 6 7,0,70,,6151,4,0,5 2 6 7,0,30,,6166,4,0,5 2 6 7,0,70,,6152,4,0,5 2 6 7,0,30,,6163,4,0,5 2 6 7,0,70,,6161,4,0,5 2 6 7,0,30,,6164,4,0,5 2 6 7,0,70,,6157,4,0,5 2 6 7,0,30,,6162,4,0,5 2 6 7,0,70,,6150,4,0,5 2 6 7,0,30,,6173,4,0,5 2 6 7,0,70,,1256,4,0,5 2 6 7,0,30,,6171,4,0,5 2 6 7,0,70,,3365,4,0,5 2 6 7,0,30,,6168,4,0,5 2 6 7,0,70,,6160,4,0,5 2 6 7,0,30,,2578,4,0,5 2 6 7,0,70,,6159,4,0,5 2 6 7,0,30,,6154,4,0,5 2 6 7,0,70,,6170,4,0,5 2 6 7,0,30,,6172,4,0,5 2 6 7,0,70,,6169,4,0,5 2 6 7,0,30,,6155,4,0,5 2 6 7,0,70,,6158,4,0,5 2 6 7,0,30,,6167,4,0,5 2 6 7,0,70,,6156,4,0,5 2 6 7,0,30,,6153,4,0,5 2 6 7,0,70,,3144,4,0,5 2 6 7,0
1100,'2',528,,6175,4,0,5 2 6 7,0,30,,1799,4,0,5 2 6 7,0,70,,6181,4,0,5 2 6 7,0,30,,4897,4,0,5 2 6 7,0,70,,6185,4,0,5 2 6 7,0,30,,6188,4,0,5 2 6 7,0,70,,6182,4,0,5 2 6 7,0,30,,6184,4,0,5 2 6 7,0,70,,6191,4,0,5 2 6 7,0,30,,5206,4,0,5 2 6 7,0,70,,6178,4,0,5 2 6 7,0,30,,6176,4,0,5 2 6 7,0,70,,6174,4,0,5 2 6 7,0,30,,6187,4,0,5 2 6 7,0,70,,6190,4,0,5 2 6 7,0,30,,4218,4,0,5 2 6 7,0,70,,4487,4,0,5 2 6 7,0,30,,6186,4,0,5 2 6 7,0,70,,6183,4,0,5 2 6 7,0,30,,4410,4,0,5 2 6 7,0,70,,1512,4,0,5 2 6 7,0,30,,4686,4,0,5 2 6 7,0,70,,5165,4,0,5 2 6 7,0,30,,5204,4,0,5 2 6 7,0,70,,6189,4,0,5 2 6 7,0,30,,6177,4,0,5 2 6 7,0,70,,6180,4,0,5 2 6 7,0,30,,6179,4,0,5 2 6 7,0,70,,5196,4,0,5 2 6 7,0
1100,'3',758,,6197,4,0,5 2 6 7,0,100,,6193,4,0,5 2 6 7,0,100,,6192,4,0,5 2 6 7,0,100,,6198,4,0,5 2 6 7,0,100,,4799,4,0,5 2 6 7,0,100,,6194,4,0,5 2 6 7,0,100,,3812,4,0,5 2 6 7,0,100,,6199,4,0,5 2 6 7,0,100,,5135,4,0,5 2 6 7,0,100,,6200,4,0,5 2 6 7,0,100,,6196,4,0,5 2 6 7,0,100,,6195,4,0,5 2 6 7,0
1100,'4',528,,6216,4,0,5 2 6 7,0,30,,6210,4,0,5 2 6 7,0,70,,6203,4,0,5 2 6 7,0,30,,6201,4,0,5 2 6 7,0,70,,6217,4,0,5 2 6 7,0,30,,6207,4,0,5 2 6 7,0,70,,6213,4,0,5 2 6 7,0,30,,6211,4,0,5 2 6 7,0,70,,6219,4,0,5 2 6 7,0,30,,6209,4,0,5 2 6 7,0,70,,6204,4,0,5 2 6 7,0,30,,6208,4,0,5 2 6 7,0,70,,4327,4,0,5 2 6 7,0,30,,6202,4,0,5 2 6 7,0,70,,6206,4,0,5 2 6 7,0,30,,2920,4,0,5 2 6 7,0,70,,6205,4,0,5 2 6 7,0,30,,6218,4,0,5 2 6 7,0,70,,3707,4,0,5 2 6 7,0,30,,6215,4,0,5 2 6 7,0,70,,4536,4,0,5 2 6 7,0,30,,6221,4,0,5 2 6 7,0,70,,6214,4,0,5 2 6 7,0,30,,5089,4,0,5 2 6 7,0,70,,3482,4,0,5 2 6 7,0,30,,6223,4,0,5 2 6 7,0,70,,6212,4,0,5 2 6 7,0,30,,6222,4,0,5 2 6 7,0,70,,6220,4,0,5 2 6 7,0
1201,'1',646,,6392,4,0,68 69,0,70,,6386,4,0,68 69,0,30,,6398,4,0,68 69,0,70,,6399,4,0,68 69,0,30,,704,4,0,68 69,0,70,,6388,4,0,68 69,0,30,,6400,4,0,68 69,0,70,,6384,4,0,68 69,0,30,,6389,4,0,68 69,0,70,,6402,4,0,68 69,0,30,,6405,4,0,68 69,0,70,,346,4,0,68 69,0,30,,3434,4,0,68 69,0,70,,6381,4,0,68 69,0,30,,6404,4,0,68 69,0,70,,4786,4,0,68 69,0,30,,6397,4,0,68 69,0,70,,6394,4,0,68 69,0,30,,6396,4,0,68 69,0,70,,6383,4,0,68 69,0,30,,6387,4,0,68 69,0,70,,6407,4,0,68 69,0,30,,6406,4,0,68 69,0,70,,6385,4,0,68 69,0,30,,6403,4,0,68 69,0,70,,6395,4,0,68 69,0,30,,6391,4,0,68 69,0,70,,2500,4,0,68 69,0,30,,6401,4,0,68 69,0,70,,6390,4,0,68 69,0,30,,6393,4,0,68 69,0,70,,4776,4,0,68 69,0,30,,6382,4,0,68 69,0
1201,'2',646,,6414,4,0,68 69,0,70,,6417,4,0,68 69,0,30,,6409,4,0,68 69,0,70,,5166,4,0,68 69,0,30,,6420,4,0,68 69,0,70,,6411,4,0,68 69,0,30,,2517,4,0,68 69,0,70,,6410,4,0,68 69,0,30,,6425,4,0,68 69,0,70,,3087,4,0,68 69,0,30,,6421,4,0,68 69,0,70,,6422,4,0,68 69,0,30,,6429,4,0,68 69,0,70,,3158,4,0,68 69,0,30,,6415,4,0,68 69,0,70,,6428,4,0,68 69,0,30,,4556,4,0,68 69,0,70,,6408,4,0,68 69,0,30,,6426,4,0,68 69,0,70,,6423,4,0,68 69,0,30,,4049,4,0,68 69,0,70,,6416,4,0,68 69,0,30,,6413,4,0,68 69,0,70,,394,4,0,68 69,0,30,,6412,4,0,68 69,0,70,,6419,4,0,68 69,0,30,,6430,4,0,68 69,0,70,,4214,4,0,68 69,0,30,,6418,4,0,68 69,0,70,,3083,4,0,68 69,0,30,,6427,4,0,68 69,0,70,,6424,4,0,68 69,0,30,,2334,4,0,68 69,0
1201,'3',746,,6431,4,0,68 69,0,70,,6432,4,0,68 69,0,30,,6452,4,0,68 69,0,70,,6437,4,0,68 69,0,30,,6445,4,0,68 69,0,70,,6448,4,0,68 69,0,30,,6455,4,0,68 69,0,70,,6442,4,0,68 69,0,30,,6446,4,0,68 69,0,70,,6451,4,0,68 69,0,30,,6438,4,0,68 69,0,70,,6443,4,0,68 69,0,30,,4709,4,0,68 69,0,70,,6439,4,0,68 69,0,30,,4250,4,0,68 69,0,70,,6434,4,0,68 69,0,30,,6453,4,0,68 69,0,70,,6447,4,0,68 69,0,30,,6449,4,0,68 69,0,70,,6435,4,0,68 69,0,30,,6433,4,0,68 69,0,70,,6444,4,0,68 69,0,30,,6454,4,0,68 69,0,70,,6441,4,0,68 69,0,30,,6440,4,0,68 69,0,70,,6450,4,0,68 69,0,30,,6436,4,0,68 69,0
1201,'4',646,,6470,4,0,68 69,0,70,,5036,4,0,68 69,0,30,,6461,4,0,68 69,0,70,,6478,4,0,68 69,0,30,,4012,4,0,68 69,0,70,,6462,4,0,68 69,0,30,,6475,4,0,68 69,0,70,,2013,4,0,68 69,0,30,,6463,4,0,68 69,0,70,,6477,4,0,68 69,0,30,,6466,4,0,68 69,0,70,,6468,4,0,68 69,0,30,,6482,4,0,68 69,0,70,,6481,4,0,68 69,0,30,,6476,4,0,68 69,0,70,,6464,4,0,68 69,0,30,,6480,4,0,68 69,0,70,,6467,4,0,68 69,0,30,,6473,4,0,68 69,0,70,,6460,4,0,68 69,0,30,,6465,4,0,68 69,0,70,,6458,4,0,68 69,0,30,,6469,4,0,68 69,0,70,,6457,4,0,68 69,0,30,,6456,4,0,68 69,0,70,,2381,4,0,68 69,0,30,,4270,4,0,68 69,0,70,,4406,4,0,68 69,0,30,,6471,4,0,68 69,0,70,,6459,4,0,68 69,0,30,,6474,4,0,68 69,0,70,,6479,4,0,68 69,0,30,,6472,4,0,68 69,0
