100,'1',506,,5286,2,0,40 41 42 43,0,30,,5296,2,0,40 41 42 43,0,70,,5294,2,0,40 41 42 43,0,30,,5291,2,0,40 41 42 43,0,70,,5290,2,0,40 41 42 43,0,30,,5299,2,0,40 41 42 43,0,70,,215,2,0,40 41 42 43,0,30,,5304,2,0,40 41 42 43,0,70,,5301,2,0,40 41 42 43,0,30,,5303,2,0,40 41 42 43,0,70,,4857,2,0,40 41 42 43,0,30,,5280,2,0,40 41 42 43,0,70,,5295,2,0,40 41 42 43,0,30,,5297,2,0,40 41 42 43,0,70,,5288,2,0,40 41 42 43,0,30,,5298,2,0,40 41 42 43,0,70,,5292,2,0,40 41 42 43,0,30,,4363,2,0,40 41 42 43,0,70,,5284,2,0,40 41 42 43,0,30,,5283,2,0,40 41 42 43,0,70,,3885,2,0,40 41 42 43,0,30,,5293,2,0,40 41 42 43,0,70,,5302,2,0,40 41 42 43,0,30,,4632,2,0,40 41 42 43,0,70,,2042,2,0,40 41 42 43,0,30,,3490,2,0,40 41 42 43,0,70,,5281,2,0,40 41 42 43,0,30,,5287,2,0,40 41 42 43,0,70,,5279,2,0,40 41 42 43,0,30,,4777,2,0,40 41 42 43,0,70,,5300,2,0,40 41 42 43,0,30,,4961,2,0,40 41 42 43,0,70,,4638,2,0,40 41 42 43,0,30,,5285,2,0,40 41 42 43,0,70,,5289,2,0,40 41 42 43,0,30,,5282,2,0,40 41 42 43,0,68,,4637,2,0,40 41 42 43,0
100,'2',506,,5326,2,0,40 41 42 43,0,30,,5320,2,0,40 41 42 43,0,70,,5310,2,0,40 41 42 43,0,30,,4998,2,0,40 41 42 43,0,70,,5322,2,0,40 41 42 43,0,30,,5307,2,0,40 41 42 43,0,70,,5329,2,0,40 41 42 43,0,30,,5319,2,0,40 41 42 43,0,70,,5312,2,0,40 41 42 43,0,30,,5309,2,0,40 41 42 43,0,70,,5106,2,0,40 41 42 43,0,30,,5313,2,0,40 41 42 43,0,70,,5308,2,0,40 41 42 43,0,30,,5323,2,0,40 41 42 43,0,70,,3846,2,0,40 41 42 43,0,30,,5324,2,0,40 41 42 43,0,70,,2950,2,0,40 41 42 43,0,30,,5305,2,0,40 41 42 43,0,70,,5318,2,0,40 41 42 43,0,30,,5316,2,0,40 41 42 43,0,70,,5325,2,0,40 41 42 43,0,30,,4954,2,0,40 41 42 43,0,70,,5311,2,0,40 41 42 43,0,30,,5306,2,0,40 41 42 43,0,70,,2823,2,0,40 41 42 43,0,30,,5317,2,0,40 41 42 43,0,70,,5330,2,0,40 41 42 43,0,30,,5315,2,0,40 41 42 43,0,70,,5273,2,0,40 41 42 43,0,30,,5327,2,0,40 41 42 43,0,70,,4196,2,0,40 41 42 43,0,30,,4943,2,0,40 41 42 43,0,70,,1887,2,0,40 41 42 43,0,30,,5328,2,0,40 41 42 43,0,70,,5314,2,0,40 41 42 43,0,30,,2597,2,0,40 41 42 43,0,68,,5321,2,0,40 41 42 43,0
100,'3',806,,5331,2,0,40 41 42 43,0,30,,5336,2,0,40 41 42 43,0,70,,5334,2,0,40 41 42 43,0,30,,5346,2,0,40 41 42 43,0,70,,5350,2,0,40 41 42 43,0,30,,5347,2,0,40 41 42 43,0,70,,5339,2,0,40 41 42 43,0,30,,5342,2,0,40 41 42 43,0,70,,4719,2,0,40 41 42 43,0,30,,5352,2,0,40 41 42 43,0,70,,5340,2,0,40 41 42 43,0,30,,5335,2,0,40 41 42 43,0,70,,5351,2,0,40 41 42 43,0,30,,5348,2,0,40 41 42 43,0,70,,5338,2,0,40 41 42 43,0,30,,5337,2,0,40 41 42 43,0,70,,5343,2,0,40 41 42 43,0,30,,5344,2,0,40 41 42 43,0,70,,5345,2,0,40 41 42 43,0,30,,5349,2,0,40 41 42 43,0,70,,5333,2,0,40 41 42 43,0,30,,5341,2,0,40 41 42 43,0,70,,5332,2,0,40 41 42 43,0
100,'4',506,,5380,2,0,40 41 42 43,0,30,,5358,2,0,40 41 42 43,0,70,,5360,2,0,40 41 42 43,0,30,,5364,2,0,40 41 42 43,0,70,,2555,2,0,40 41 42 43,0,30,,5359,2,0,40 41 42 43,0,70,,5372,2,0,40 41 42 43,0,30,,5370,2,0,40 41 42 43,0,70,,5375,2,0,40 41 42 43,0,30,,5371,2,0,40 41 42 43,0,70,,5035,2,0,40 41 42 43,0,30,,2464,2,0,40 41 42 43,0,70,,5373,2,0,40 41 42 43,0,30,,4017,2,0,40 41 42 43,0,70,,5361,2,0,40 41 42 43,0,30,,5357,2,0,40 41 42 43,0,70,,5374,2,0,40 41 42 43,0,30,,5377,2,0,40 41 42 43,0,70,,3121,2,0,40 41 42 43,0,30,,5368,2,0,40 41 42 43,0,70,,5367,2,0,40 41 42 43,0,30,,4878,2,0,40 41 42 43,0,70,,5356,2,0,40 41 42 43,0,30,,5362,2,0,40 41 42 43,0,70,,5353,2,0,40 41 42 43,0,30,,5378,2,0,40 41 42 43,0,70,,2924,2,0,40 41 42 43,0,30,,5355,2,0,40 41 42 43,0,70,,5363,2,0,40 41 42 43,0,30,,5369,2,0,40 41 42 43,0,70,,5379,2,0,40 41 42 43,0,30,,4460,2,0,40 41 42 43,0,70,,5354,2,0,40 41 42 43,0,30,,5366,2,0,40 41 42 43,0,70,,5376,2,0,40 41 42 43,0,30,,5365,2,0,40 41 42 43,0,68,,4320,2,0,40 41 42 43,0
200,'1',520,,5497,3,0,18,0,30,,5509,3,0,18,0,70,,5487,3,0,18,0,30,,4433,3,0,18,0,70,,5504,3,0,18,0,30,,2743,3,0,18,0,70,,5502,3,0,18,0,30,,3597,3,0,18,0,70,,5486,3,0,18,0,30,,4054,3,0,18,0,70,,5503,3,0,18,0,30,,5499,3,0,18,0,70,,5496,3,0,18,0,30,,5488,3,0,18,0,70,,2575,3,0,18,0,30,,3001,3,0,18,0,70,,5494,3,0,18,0,30,,5495,3,0,18,0,70,,5492,3,0,18,0,30,,4438,3,0,18,0,70,,5489,3,0,18,0,30,,5506,3,0,18,0,70,,5485,3,0,18,0,30,,5491,3,0,18,0,70,,4366,3,0,18,0,30,,5508,3,0,18,0,70,,3973,3,0,18,0,30,,5498,3,0,18,0,70,,5501,3,0,18,0,30,,5507,3,0,18,0,70,,5493,3,0,18,0,30,,5510,3,0,18,0,70,,5490,3,0,18,0,30,,5505,3,0,18,0,70,,4301,3,0,18,0,30,,5062,3,0,18,0,70,,5500,3,0,18,0
200,'2',520,,5260,3,0,18,0,30,,3303,3,0,18,0,70,,5525,3,0,18,0,30,,5516,3,0,18,0,70,,3224,3,0,18,0,30,,5523,3,0,18,0,70,,5526,3,0,18,0,30,,3955,3,0,18,0,70,,5527,3,0,18,0,30,,4274,3,0,18,0,70,,638,3,0,18,0,30,,3565,3,0,18,0,70,,5243,3,0,18,0,30,,4142,3,0,18,0,70,,4289,3,0,18,0,30,,5114,3,0,18,0,70,,5513,3,0,18,0,30,,4417,3,0,18,0,70,,5520,3,0,18,0,30,,5518,3,0,18,0,70,,4339,3,0,18,0,30,,5529,3,0,18,0,70,,2215,3,0,18,0,30,,5511,3,0,18,0,70,,5530,3,0,18,0,30,,4419,3,0,18,0,70,,5519,3,0,18,0,30,,5517,3,0,18,0,70,,5514,3,0,18,0,30,,5521,3,0,18,0,70,,5522,3,0,18,0,30,,5512,3,0,18,0,70,,2892,3,0,18,0,30,,5528,3,0,18,0,70,,1874,3,0,18,0,30,,5515,3,0,18,0,70,,5524,3,0,18,0
200,'3',820,,5539,3,0,18,0,30,,5552,3,0,18,0,70,,5538,3,0,18,0,30,,5531,3,0,18,0,70,,5537,3,0,18,0,30,,5548,3,0,18,0,70,,5551,3,0,18,0,30,,5536,3,0,18,0,70,,5534,3,0,18,0,30,,5535,3,0,18,0,70,,5550,3,0,18,0,30,,5532,3,0,18,0,70,,5542,3,0,18,0,30,,5546,3,0,18,0,70,,5541,3,0,18,0,30,,5540,3,0,18,0,70,,3817,3,0,18,0,30,,5543,3,0,18,0,70,,2971,3,0,18,0,30,,5547,3,0,18,0,70,,5549,3,0,18,0,30,,5545,3,0,18,0,70,,5544,3,0,18,0,30,,5533,3,0,18,0
200,'4',520,,5555,3,0,18,0,30,,4008,3,0,18,0,70,,5557,3,0,18,0,30,,5562,3,0,18,0,70,,5558,3,0,18,0,30,,4407,3,0,18,0,70,,3348,3,0,18,0,30,,5566,3,0,18,0,70,,1216,3,0,18,0,30,,5568,3,0,18,0,70,,5569,3,0,18,0,30,,5560,3,0,18,0,70,,5563,3,0,18,0,30,,5556,3,0,18,0,70,,5572,3,0,18,0,30,,5565,3,0,18,0,70,,5559,3,0,18,0,30,,5570,3,0,18,0,70,,1994,3,0,18,0,30,,5575,3,0,18,0,70,,5574,3,0,18,0,30,,4540,3,0,18,0,70,,912,3,0,18,0,30,,5554,3,0,18,0,70,,4025,3,0,18,0,30,,5567,3,0,18,0,70,,5564,3,0,18,0,30,,5573,3,0,18,0,70,,4729,3,0,18,0,30,,5553,3,0,18,0,70,,3928,3,0,18,0,30,,2793,3,0,18,0,70,,5561,3,0,18,0,30,,5576,3,0,18,0,70,,5571,3,0,18,0,30,,4179,3,0,18,0,70,,4018,3,0,18,0
300,'1',547,,5681,3,0,65 2 64,0,70,,5188,3,0,65 2 64,0,30,,5678,3,0,65 2 64,0,70,,5682,3,0,65 2 64,0,30,,5689,3,0,65 2 64,0,70,,5690,3,0,65 2 64,0,30,,4960,3,0,65 2 64,0,70,,3294,3,0,65 2 64,0,30,,5680,3,0,65 2 64,0,70,,2807,3,0,65 2 64,0,30,,2122,3,0,65 2 64,0,70,,2289,3,0,65 2 64,0,30,,2482,3,0,65 2 64,0,70,,5688,3,0,65 2 64,0,30,,5686,3,0,65 2 64,0,70,,5693,3,0,65 2 64,0,30,,3978,3,0,65 2 64,0,70,,2283,3,0,65 2 64,0,30,,5684,3,0,65 2 64,0,70,,5194,3,0,65 2 64,0,30,,5677,3,0,65 2 64,0,70,,3879,3,0,65 2 64,0,30,,5679,3,0,65 2 64,0,70,,5691,3,0,65 2 64,0,30,,5685,3,0,65 2 64,0,70,,2484,3,0,65 2 64,0,30,,2134,3,0,65 2 64,0,70,,5683,3,0,65 2 64,0,30,,2931,3,0,65 2 64,0,100,,5692,3,0,65 2 64,0,100,,4496,3,0,65 2 64,0,100,,5687,3,0,65 2 64,0
300,'2',547,,2509,3,0,65 2 64,0,70,,2885,3,0,65 2 64,0,30,,4129,3,0,65 2 64,0,70,,5711,3,0,65 2 64,0,30,,5697,3,0,65 2 64,0,70,,5703,3,0,65 2 64,0,30,,3861,3,0,65 2 64,0,70,,4748,3,0,65 2 64,0,30,,3229,3,0,65 2 64,0,70,,5706,3,0,65 2 64,0,30,,5704,3,0,65 2 64,0,70,,4033,3,0,65 2 64,0,30,,5695,3,0,65 2 64,0,70,,5709,3,0,65 2 64,0,30,,2767,3,0,65 2 64,0,70,,5705,3,0,65 2 64,0,30,,5701,3,0,65 2 64,0,70,,4424,3,0,65 2 64,0,30,,5698,3,0,65 2 64,0,70,,5702,3,0,65 2 64,0,30,,5707,3,0,65 2 64,0,70,,5699,3,0,65 2 64,0,30,,4039,3,0,65 2 64,0,70,,5708,3,0,65 2 64,0,30,,3754,3,0,65 2 64,0,70,,4138,3,0,65 2 64,0,30,,123,3,0,65 2 64,0,70,,5710,3,0,65 2 64,0,30,,5696,3,0,65 2 64,0,100,,5694,3,0,65 2 64,0,100,,3097,3,0,65 2 64,0,100,,5700,3,0,65 2 64,0
300,'3',847,,5721,3,0,65 2 64,0,100,,5712,3,0,65 2 64,0,100,,2973,3,0,65 2 64,0,100,,5713,3,0,65 2 64,0,100,,5722,3,0,65 2 64,0,100,,5716,3,0,65 2 64,0,100,,5720,3,0,65 2 64,0,100,,5718,3,0,65 2 64,0,100,,5715,3,0,65 2 64,0,100,,5714,3,0,65 2 64,0,100,,5719,3,0,65 2 64,0,100,,5717,3,0,65 2 64,0
300,'4',547,,3920,3,0,65 2 64,0,70,,5735,3,0,65 2 64,0,30,,5731,3,0,65 2 64,0,70,,4338,3,0,65 2 64,0,30,,3834,3,0,65 2 64,0,70,,4013,3,0,65 2 64,0,30,,5732,3,0,65 2 64,0,70,,5724,3,0,65 2 64,0,30,,5742,3,0,65 2 64,0,70,,5738,3,0,65 2 64,0,30,,5741,3,0,65 2 64,0,70,,4404,3,0,65 2 64,0,30,,5740,3,0,65 2 64,0,70,,3926,3,0,65 2 64,0,30,,5727,3,0,65 2 64,0,70,,5739,3,0,65 2 64,0,30,,5726,3,0,65 2 64,0,70,,5737,3,0,65 2 64,0,30,,5725,3,0,65 2 64,0,70,,5743,3,0,65 2 64,0,30,,4659,3,0,65 2 64,0,70,,5729,3,0,65 2 64,0,30,,5736,3,0,65 2 64,0,70,,5723,3,0,65 2 64,0,30,,5734,3,0,65 2 64,0,70,,2862,3,0,65 2 64,0,30,,5730,3,0,65 2 64,0,70,,5733,3,0,65 2 64,0,30,,5728,3,0,65 2 64,0,100,,3177,3,0,65 2 64,0,100,,4388,3,0,65 2 64,0,100,,4741,3,0,65 2 64,0
15101,'1',826,,6974,15,0,75 1 76,0
