101,'1',523,,5385,11,0,40 41 42 43,0,30,,480,19,0,40 41 42 43,0,70,,4064,19,0,40 41 42 43,0,30,,4372,19,0,40 41 42 43,0,70,,3886,19,0,40 41 42 43,0,30,,5396,19,0,40 41 42 43,0,70,,1462,19,0,40 41 42 43,0,30,,5399,19,0,40 41 42 43,0,70,,5390,19,0,40 41 42 43,0,30,,5398,19,0,40 41 42 43,0,70,,5394,19,0,40 41 42 43,0,30,,5397,19,0,40 41 42 43,0,70,,5402,19,0,40 41 42 43,0,30,,5403,19,0,40 41 42 43,0,70,,5407,19,0,40 41 42 43,0,30,,5391,19,0,40 41 42 43,0,70,,5389,19,0,40 41 42 43,0,30,,5387,19,0,40 41 42 43,0,70,,5014,19,0,40 41 42 43,0,30,,5401,19,0,40 41 42 43,0,70,,5384,19,0,40 41 42 43,0,30,,5393,19,0,40 41 42 43,0,70,,5406,19,0,40 41 42 43,0,30,,2882,19,0,40 41 42 43,0,70,,5381,19,0,40 41 42 43,0,30,,71,19,0,40 41 42 43,0,70,,5382,19,0,40 41 42 43,0,30,,5388,19,0,40 41 42 43,0,70,,4859,19,0,40 41 42 43,0,30,,5386,19,0,40 41 42 43,0,70,,5395,19,0,40 41 42 43,0,30,,4235,19,0,40 41 42 43,0,70,,1602,19,0,40 41 42 43,0,30,,5392,19,0,40 41 42 43,0,70,,5383,19,0,40 41 42 43,0,30,,5400,19,0,40 41 42 43,0,70,,5404,19,0,40 41 42 43,0
101,'2',523,,5427,11,0,40 41 42 43,0,30,,5410,19,0,40 41 42 43,0,70,,5413,19,0,40 41 42 43,0,30,,5426,19,0,40 41 42 43,0,70,,4211,19,0,40 41 42 43,0,30,,5417,19,0,40 41 42 43,0,70,,5408,19,0,40 41 42 43,0,30,,5425,19,0,40 41 42 43,0,70,,5409,19,0,40 41 42 43,0,30,,5420,19,0,40 41 42 43,0,70,,5267,19,0,40 41 42 43,0,30,,5429,19,0,40 41 42 43,0,70,,5411,19,0,40 41 42 43,0,30,,5432,19,0,40 41 42 43,0,70,,3088,19,0,40 41 42 43,0,30,,5416,19,0,40 41 42 43,0,70,,5423,19,0,40 41 42 43,0,30,,5421,19,0,40 41 42 43,0,70,,5430,19,0,40 41 42 43,0,30,,3947,19,0,40 41 42 43,0,70,,5434,19,0,40 41 42 43,0,30,,3753,19,0,40 41 42 43,0,70,,5424,19,0,40 41 42 43,0,30,,5419,19,0,40 41 42 43,0,70,,5422,19,0,40 41 42 43,0,30,,2754,19,0,40 41 42 43,0,70,,3855,19,0,40 41 42 43,0,30,,5414,19,0,40 41 42 43,0,70,,5415,19,0,40 41 42 43,0,30,,5418,19,0,40 41 42 43,0,70,,5428,19,0,40 41 42 43,0,30,,5412,19,0,40 41 42 43,0,70,,5433,19,0,40 41 42 43,0,30,,4896,19,0,40 41 42 43,0,70,,4605,19,0,40 41 42 43,0,30,,3677,19,0,40 41 42 43,0,70,,3396,19,0,40 41 42 43,0
101,'3',823,,4871,11,0,40 41 42 43,0,30,,5451,19,0,40 41 42 43,0,70,,5446,19,0,40 41 42 43,0,30,,5452,19,0,40 41 42 43,0,70,,5453,19,0,40 41 42 43,0,30,,5437,19,0,40 41 42 43,0,70,,4867,19,0,40 41 42 43,0,30,,5438,19,0,40 41 42 43,0,70,,5441,19,0,40 41 42 43,0,30,,5436,19,0,40 41 42 43,0,70,,4706,19,0,40 41 42 43,0,30,,5445,19,0,40 41 42 43,0,70,,5435,19,0,40 41 42 43,0,30,,5450,19,0,40 41 42 43,0,70,,4452,19,0,40 41 42 43,0,30,,5442,19,0,40 41 42 43,0,70,,5443,19,0,40 41 42 43,0,30,,5448,19,0,40 41 42 43,0,70,,4806,19,0,40 41 42 43,0,30,,5440,19,0,40 41 42 43,0,70,,5447,19,0,40 41 42 43,0,30,,5449,19,0,40 41 42 43,0,70,,5439,19,0,40 41 42 43,0,30,,5444,19,0,40 41 42 43,0
101,'4',523,,5454,11,0,40 41 42 43,0,30,,5469,19,0,40 41 42 43,0,70,,4813,19,0,40 41 42 43,0,30,,1827,19,0,40 41 42 43,0,70,,5462,19,0,40 41 42 43,0,30,,5480,19,0,40 41 42 43,0,70,,5478,19,0,40 41 42 43,0,30,,5461,19,0,40 41 42 43,0,70,,5456,19,0,40 41 42 43,0,30,,5476,19,0,40 41 42 43,0,70,,5483,19,0,40 41 42 43,0,30,,5471,19,0,40 41 42 43,0,70,,5479,19,0,40 41 42 43,0,30,,3652,19,0,40 41 42 43,0,70,,5477,19,0,40 41 42 43,0,30,,5463,19,0,40 41 42 43,0,70,,3830,19,0,40 41 42 43,0,30,,5472,19,0,40 41 42 43,0,70,,4931,19,0,40 41 42 43,0,30,,170,19,0,40 41 42 43,0,70,,5468,19,0,40 41 42 43,0,30,,5470,19,0,40 41 42 43,0,70,,5481,19,0,40 41 42 43,0,30,,5458,19,0,40 41 42 43,0,70,,5460,19,0,40 41 42 43,0,30,,5482,19,0,40 41 42 43,0,70,,5464,19,0,40 41 42 43,0,30,,5474,19,0,40 41 42 43,0,70,,5457,19,0,40 41 42 43,0,30,,5475,19,0,40 41 42 43,0,70,,5466,19,0,40 41 42 43,0,30,,5459,19,0,40 41 42 43,0,70,,5467,19,0,40 41 42 43,0,30,,5484,19,0,40 41 42 43,0,70,,4469,19,0,40 41 42 43,0,30,,5473,19,0,40 41 42 43,0,70,,5465,19,0,40 41 42 43,0
400,'1',524,,5180,6,0,21 2 22 23,0,30,,5835,6,0,21 2 22 23,0,70,,5840,6,0,21 2 22 23,0,30,,5849,6,0,21 2 22 23,0,70,,5843,6,0,21 2 22 23,0,30,,3789,6,0,21 2 22 23,0,70,,5845,6,0,21 2 22 23,0,30,,5848,6,0,21 2 22 23,0,70,,5856,6,0,21 2 22 23,0,30,,4693,6,0,21 2 22 23,0,70,,5850,6,0,21 2 22 23,0,30,,5854,6,0,21 2 22 23,0,70,,4695,6,0,21 2 22 23,0,30,,5839,6,0,21 2 22 23,0,70,,5837,6,0,21 2 22 23,0,30,,5846,6,0,21 2 22 23,0,70,,5211,6,0,21 2 22 23,0,30,,5838,6,0,21 2 22 23,0,70,,3137,6,0,21 2 22 23,0,30,,5842,6,0,21 2 22 23,0,70,,5847,6,0,21 2 22 23,0,30,,4514,6,0,21 2 22 23,0,70,,5853,6,0,21 2 22 23,0,30,,5851,6,0,21 2 22 23,0,70,,3875,6,0,21 2 22 23,0,30,,3983,6,0,21 2 22 23,0,70,,923,6,0,21 2 22 23,0,30,,5852,6,0,21 2 22 23,0,70,,5841,6,0,21 2 22 23,0,30,,5844,6,0,21 2 22 23,0,100,,5834,6,0,21 2 22 23,0,100,,5855,6,0,21 2 22 23,0,100,,3500,6,0,21 2 22 23,0
400,'2',524,,5242,6,0,21 2 22 23,0,30,,5859,6,0,21 2 22 23,0,70,,5862,6,0,21 2 22 23,0,30,,3864,6,0,21 2 22 23,0,70,,5869,6,0,21 2 22 23,0,30,,5874,6,0,21 2 22 23,0,70,,5865,6,0,21 2 22 23,0,30,,5880,6,0,21 2 22 23,0,70,,5877,6,0,21 2 22 23,0,30,,5857,6,0,21 2 22 23,0,70,,5863,6,0,21 2 22 23,0,30,,5875,6,0,21 2 22 23,0,70,,5867,6,0,21 2 22 23,0,30,,5248,6,0,21 2 22 23,0,70,,4548,6,0,21 2 22 23,0,30,,5878,6,0,21 2 22 23,0,70,,3562,6,0,21 2 22 23,0,30,,3963,6,0,21 2 22 23,0,70,,5870,6,0,21 2 22 23,0,30,,5872,6,0,21 2 22 23,0,70,,5861,6,0,21 2 22 23,0,30,,5879,6,0,21 2 22 23,0,70,,5864,6,0,21 2 22 23,0,30,,5866,6,0,21 2 22 23,0,70,,5873,6,0,21 2 22 23,0,30,,3964,6,0,21 2 22 23,0,70,,5868,6,0,21 2 22 23,0,30,,5858,6,0,21 2 22 23,0,70,,5881,6,0,21 2 22 23,0,30,,5876,6,0,21 2 22 23,0,100,,5860,6,0,21 2 22 23,0,100,,4684,6,0,21 2 22 23,0,100,,640,6,0,21 2 22 23,0
400,'3',824,,5884,6,0,21 2 22 23,0,100,,5070,6,0,21 2 22 23,0,100,,5891,6,0,21 2 22 23,0,100,,5889,6,0,21 2 22 23,0,100,,3406,6,0,21 2 22 23,0,100,,5887,6,0,21 2 22 23,0,100,,5885,6,0,21 2 22 23,0,100,,5886,6,0,21 2 22 23,0,100,,3808,6,0,21 2 22 23,0,100,,5882,6,0,21 2 22 23,0,100,,5888,6,0,21 2 22 23,0,100,,5883,6,0,21 2 22 23,0
400,'4',524,,5893,6,0,21 2 22 23,0,30,,3919,6,0,21 2 22 23,0,70,,5905,6,0,21 2 22 23,0,30,,5902,6,0,21 2 22 23,0,70,,5900,6,0,21 2 22 23,0,30,,5901,6,0,21 2 22 23,0,70,,3927,6,0,21 2 22 23,0,30,,5892,6,0,21 2 22 23,0,70,,4178,6,0,21 2 22 23,0,30,,5906,6,0,21 2 22 23,0,70,,5903,6,0,21 2 22 23,0,30,,4337,6,0,21 2 22 23,0,70,,4332,6,0,21 2 22 23,0,30,,4668,6,0,21 2 22 23,0,70,,5894,6,0,21 2 22 23,0,30,,5897,6,0,21 2 22 23,0,70,,4252,6,0,21 2 22 23,0,30,,5895,6,0,21 2 22 23,0,70,,299,6,0,21 2 22 23,0,30,,5904,6,0,21 2 22 23,0,70,,5909,6,0,21 2 22 23,0,30,,3582,6,0,21 2 22 23,0,70,,5896,6,0,21 2 22 23,0,30,,2983,6,0,21 2 22 23,0,70,,2635,6,0,21 2 22 23,0,30,,4881,6,0,21 2 22 23,0,70,,5907,6,0,21 2 22 23,0,30,,5899,6,0,21 2 22 23,0,70,,5898,6,0,21 2 22 23,0,30,,3935,6,0,21 2 22 23,0,100,,5092,6,0,21 2 22 23,0,100,,3257,6,0,21 2 22 23,0,100,,5908,6,0,21 2 22 23,0
1100,'1',527,,3142,2,0,5 2 6 7,0,30,,6165,2,0,5 2 6 7,0,70,,6151,2,0,5 2 6 7,0,30,,6166,2,0,5 2 6 7,0,70,,6152,2,0,5 2 6 7,0,30,,6163,2,0,5 2 6 7,0,70,,6161,2,0,5 2 6 7,0,30,,6164,2,0,5 2 6 7,0,70,,6157,2,0,5 2 6 7,0,30,,6162,2,0,5 2 6 7,0,70,,6150,2,0,5 2 6 7,0,30,,6173,2,0,5 2 6 7,0,70,,1256,2,0,5 2 6 7,0,30,,6171,2,0,5 2 6 7,0,70,,3365,2,0,5 2 6 7,0,30,,6168,2,0,5 2 6 7,0,70,,6160,2,0,5 2 6 7,0,30,,2578,2,0,5 2 6 7,0,70,,6159,2,0,5 2 6 7,0,30,,6154,2,0,5 2 6 7,0,70,,6170,2,0,5 2 6 7,0,30,,6172,2,0,5 2 6 7,0,70,,6169,2,0,5 2 6 7,0,30,,6155,2,0,5 2 6 7,0,70,,6158,2,0,5 2 6 7,0,30,,6167,2,0,5 2 6 7,0,70,,6156,2,0,5 2 6 7,0,30,,6153,2,0,5 2 6 7,0,70,,3144,2,0,5 2 6 7,0
1100,'2',527,,6175,2,0,5 2 6 7,0,30,,1799,2,0,5 2 6 7,0,70,,6181,2,0,5 2 6 7,0,30,,4897,2,0,5 2 6 7,0,70,,6185,2,0,5 2 6 7,0,30,,6188,2,0,5 2 6 7,0,70,,6182,2,0,5 2 6 7,0,30,,6184,2,0,5 2 6 7,0,70,,6191,2,0,5 2 6 7,0,30,,5206,2,0,5 2 6 7,0,70,,6178,2,0,5 2 6 7,0,30,,6176,2,0,5 2 6 7,0,70,,6174,2,0,5 2 6 7,0,30,,6187,2,0,5 2 6 7,0,70,,6190,2,0,5 2 6 7,0,30,,4218,2,0,5 2 6 7,0,70,,4487,2,0,5 2 6 7,0,30,,6186,2,0,5 2 6 7,0,70,,6183,2,0,5 2 6 7,0,30,,4410,2,0,5 2 6 7,0,70,,1512,2,0,5 2 6 7,0,30,,4686,2,0,5 2 6 7,0,70,,5165,2,0,5 2 6 7,0,30,,5204,2,0,5 2 6 7,0,70,,6189,2,0,5 2 6 7,0,30,,6177,2,0,5 2 6 7,0,70,,6180,2,0,5 2 6 7,0,30,,6179,2,0,5 2 6 7,0,70,,5196,2,0,5 2 6 7,0
1100,'3',757,,6197,2,0,5 2 6 7,0,100,,6193,2,0,5 2 6 7,0,100,,6192,2,0,5 2 6 7,0,100,,6198,2,0,5 2 6 7,0,100,,4799,2,0,5 2 6 7,0,100,,6194,2,0,5 2 6 7,0,100,,3812,2,0,5 2 6 7,0,100,,6199,2,0,5 2 6 7,0,100,,5135,2,0,5 2 6 7,0,100,,6200,2,0,5 2 6 7,0,100,,6196,2,0,5 2 6 7,0,100,,6195,2,0,5 2 6 7,0
1100,'4',527,,6216,2,0,5 2 6 7,0,30,,6210,2,0,5 2 6 7,0,70,,6203,2,0,5 2 6 7,0,30,,6201,2,0,5 2 6 7,0,70,,6217,2,0,5 2 6 7,0,30,,6207,2,0,5 2 6 7,0,70,,6213,2,0,5 2 6 7,0,30,,6211,2,0,5 2 6 7,0,70,,6219,2,0,5 2 6 7,0,30,,6209,2,0,5 2 6 7,0,70,,6204,2,0,5 2 6 7,0,30,,6208,2,0,5 2 6 7,0,70,,4327,2,0,5 2 6 7,0,30,,6202,2,0,5 2 6 7,0,70,,6206,2,0,5 2 6 7,0,30,,2920,2,0,5 2 6 7,0,70,,6205,2,0,5 2 6 7,0,30,,6218,2,0,5 2 6 7,0,70,,3707,2,0,5 2 6 7,0,30,,6215,2,0,5 2 6 7,0,70,,4536,2,0,5 2 6 7,0,30,,6221,2,0,5 2 6 7,0,70,,6214,2,0,5 2 6 7,0,30,,5089,2,0,5 2 6 7,0,70,,3482,2,0,5 2 6 7,0,30,,6223,2,0,5 2 6 7,0,70,,6212,2,0,5 2 6 7,0,30,,6222,2,0,5 2 6 7,0,70,,6220,2,0,5 2 6 7,0
1201,'1',645,,6392,2,0,68 69,0,70,,6386,2,0,68 69,0,30,,6398,2,0,68 69,0,70,,6399,2,0,68 69,0,30,,704,2,0,68 69,0,70,,6388,2,0,68 69,0,30,,6400,2,0,68 69,0,70,,6384,2,0,68 69,0,30,,6389,2,0,68 69,0,70,,6402,2,0,68 69,0,30,,6405,2,0,68 69,0,70,,346,2,0,68 69,0,30,,3434,2,0,68 69,0,70,,6381,2,0,68 69,0,30,,6404,2,0,68 69,0,70,,4786,2,0,68 69,0,30,,6397,2,0,68 69,0,70,,6394,2,0,68 69,0,30,,6396,2,0,68 69,0,70,,6383,2,0,68 69,0,30,,6387,2,0,68 69,0,70,,6407,2,0,68 69,0,30,,6406,2,0,68 69,0,70,,6385,2,0,68 69,0,30,,6403,2,0,68 69,0,70,,6395,2,0,68 69,0,30,,6391,2,0,68 69,0,70,,2500,2,0,68 69,0,30,,6401,2,0,68 69,0,70,,6390,2,0,68 69,0,30,,6393,2,0,68 69,0,70,,4776,2,0,68 69,0,30,,6382,2,0,68 69,0
1201,'2',645,,6414,2,0,68 69,0,70,,6417,2,0,68 69,0,30,,6409,2,0,68 69,0,70,,5166,2,0,68 69,0,30,,6420,2,0,68 69,0,70,,6411,2,0,68 69,0,30,,2517,2,0,68 69,0,70,,6410,2,0,68 69,0,30,,6425,2,0,68 69,0,70,,3087,2,0,68 69,0,30,,6421,2,0,68 69,0,70,,6422,2,0,68 69,0,30,,6429,2,0,68 69,0,70,,3158,2,0,68 69,0,30,,6415,2,0,68 69,0,70,,6428,2,0,68 69,0,30,,4556,2,0,68 69,0,70,,6408,2,0,68 69,0,30,,6426,2,0,68 69,0,70,,6423,2,0,68 69,0,30,,4049,2,0,68 69,0,70,,6416,2,0,68 69,0,30,,6413,2,0,68 69,0,70,,394,2,0,68 69,0,30,,6412,2,0,68 69,0,70,,6419,2,0,68 69,0,30,,6430,2,0,68 69,0,70,,4214,2,0,68 69,0,30,,6418,2,0,68 69,0,70,,3083,2,0,68 69,0,30,,6427,2,0,68 69,0,70,,6424,2,0,68 69,0,30,,2334,2,0,68 69,0
1201,'3',745,,6431,2,0,68 69,0,70,,6432,2,0,68 69,0,30,,6452,2,0,68 69,0,70,,6437,2,0,68 69,0,30,,6445,2,0,68 69,0,70,,6448,2,0,68 69,0,30,,6455,2,0,68 69,0,70,,6442,2,0,68 69,0,30,,6446,2,0,68 69,0,70,,6451,2,0,68 69,0,30,,6438,2,0,68 69,0,70,,6443,2,0,68 69,0,30,,4709,2,0,68 69,0,70,,6439,2,0,68 69,0,30,,4250,2,0,68 69,0,70,,6434,2,0,68 69,0,30,,6453,2,0,68 69,0,70,,6447,2,0,68 69,0,30,,6449,2,0,68 69,0,70,,6435,2,0,68 69,0,30,,6433,2,0,68 69,0,70,,6444,2,0,68 69,0,30,,6454,2,0,68 69,0,70,,6441,2,0,68 69,0,30,,6440,2,0,68 69,0,70,,6450,2,0,68 69,0,30,,6436,2,0,68 69,0
1201,'4',645,,6470,2,0,68 69,0,70,,5036,2,0,68 69,0,30,,6461,2,0,68 69,0,70,,6478,2,0,68 69,0,30,,4012,2,0,68 69,0,70,,6462,2,0,68 69,0,30,,6475,2,0,68 69,0,70,,2013,2,0,68 69,0,30,,6463,2,0,68 69,0,70,,6477,2,0,68 69,0,30,,6466,2,0,68 69,0,70,,6468,2,0,68 69,0,30,,6482,2,0,68 69,0,70,,6481,2,0,68 69,0,30,,6476,2,0,68 69,0,70,,6464,2,0,68 69,0,30,,6480,2,0,68 69,0,70,,6467,2,0,68 69,0,30,,6473,2,0,68 69,0,70,,6460,2,0,68 69,0,30,,6465,2,0,68 69,0,70,,6458,2,0,68 69,0,30,,6469,2,0,68 69,0,70,,6457,2,0,68 69,0,30,,6456,2,0,68 69,0,70,,2381,2,0,68 69,0,30,,4270,2,0,68 69,0,70,,4406,2,0,68 69,0,30,,6471,2,0,68 69,0,70,,6459,2,0,68 69,0,30,,6474,2,0,68 69,0,70,,6479,2,0,68 69,0,30,,6472,2,0,68 69,0
1301,'1',534,,6546,17,0,63 11 2 64 2 20,0,70,,5183,17,0,63 11 2 64 2 20,0,30,,6548,17,0,63 11 2 64 2 20,0,70,,6558,17,0,63 11 2 64 2 20,0,30,,6547,17,0,63 11 2 64 2 20,0,70,,6557,17,0,63 11 2 64 2 20,0,30,,6545,17,0,63 11 2 64 2 20,0,70,,4854,17,0,63 11 2 64 2 20,0,30,,6556,17,0,63 11 2 64 2 20,0,70,,2324,17,0,63 11 2 64 2 20,0,100,,6554,17,0,63 11 2 64 2 20,0,100,,6552,17,0,63 11 2 64 2 20,0,100,,6560,17,0,63 11 2 64 2 20,0,100,,6551,17,0,63 11 2 64 2 20,0,100,,6549,17,0,63 11 2 64 2 20,0,30,,4299,17,0,63 11 2 64 2 20,0,70,,6550,17,0,63 11 2 64 2 20,0,30,,6555,17,0,63 11 2 64 2 20,0,70,,1035,17,0,63 11 2 64 2 20,0,30,,6562,17,0,63 11 2 64 2 20,0,70,,6561,17,0,63 11 2 64 2 20,0,30,,6553,17,0,63 11 2 64 2 20,0,70,,6559,17,0,63 11 2 64 2 20,0,30,,5192,17,0,63 11 2 64 2 20,0,70,,5216,17,0,63 11 2 64 2 20,0
1301,'2',534,,6575,17,0,63 11 2 64 2 20,0,70,,6576,17,0,63 11 2 64 2 20,0,30,,6571,17,0,63 11 2 64 2 20,0,70,,6572,17,0,63 11 2 64 2 20,0,30,,6579,17,0,63 11 2 64 2 20,0,70,,6569,17,0,63 11 2 64 2 20,0,30,,4758,17,0,63 11 2 64 2 20,0,70,,6566,17,0,63 11 2 64 2 20,0,30,,4285,17,0,63 11 2 64 2 20,0,70,,6581,17,0,63 11 2 64 2 20,0,100,,6567,17,0,63 11 2 64 2 20,0,100,,6565,17,0,63 11 2 64 2 20,0,100,,4477,17,0,63 11 2 64 2 20,0,100,,6573,17,0,63 11 2 64 2 20,0,100,,6570,17,0,63 11 2 64 2 20,0,30,,6563,17,0,63 11 2 64 2 20,0,70,,6568,17,0,63 11 2 64 2 20,0,30,,3956,17,0,63 11 2 64 2 20,0,70,,6578,17,0,63 11 2 64 2 20,0,30,,6577,17,0,63 11 2 64 2 20,0,70,,4288,17,0,63 11 2 64 2 20,0,30,,3221,17,0,63 11 2 64 2 20,0,70,,6580,17,0,63 11 2 64 2 20,0,30,,6574,17,0,63 11 2 64 2 20,0,70,,6564,17,0,63 11 2 64 2 20,0
1301,'3',834,,6588,17,0,63 11 2 64 2 20,0,100,,6586,17,0,63 11 2 64 2 20,0,100,,6590,17,0,63 11 2 64 2 20,0,100,,6585,17,0,63 11 2 64 2 20,0,100,,6584,17,0,63 11 2 64 2 20,0,100,,4711,17,0,63 11 2 64 2 20,0,100,,4972,17,0,63 11 2 64 2 20,0,100,,6589,17,0,63 11 2 64 2 20,0,100,,6587,17,0,63 11 2 64 2 20,0,100,,6583,17,0,63 11 2 64 2 20,0,100,,3996,17,0,63 11 2 64 2 20,0,100,,6582,17,0,63 11 2 64 2 20,0
1301,'4',534,,4324,17,0,63 11 2 64 2 20,0,70,,6591,17,0,63 11 2 64 2 20,0,30,,6596,17,0,63 11 2 64 2 20,0,70,,6607,17,0,63 11 2 64 2 20,0,30,,6598,17,0,63 11 2 64 2 20,0,70,,6608,17,0,63 11 2 64 2 20,0,30,,6604,17,0,63 11 2 64 2 20,0,70,,6601,17,0,63 11 2 64 2 20,0,30,,6603,17,0,63 11 2 64 2 20,0,70,,6599,17,0,63 11 2 64 2 20,0,100,,5094,17,0,63 11 2 64 2 20,0,100,,6594,17,0,63 11 2 64 2 20,0,100,,6592,17,0,63 11 2 64 2 20,0,100,,3839,17,0,63 11 2 64 2 20,0,100,,6602,17,0,63 11 2 64 2 20,0,30,,6609,17,0,63 11 2 64 2 20,0,70,,1316,17,0,63 11 2 64 2 20,0,30,,6600,17,0,63 11 2 64 2 20,0,70,,6593,17,0,63 11 2 64 2 20,0,30,,6606,17,0,63 11 2 64 2 20,0,70,,1126,17,0,63 11 2 64 2 20,0,30,,6597,17,0,63 11 2 64 2 20,0,70,,6605,17,0,63 11 2 64 2 20,0,30,,4814,17,0,63 11 2 64 2 20,0,70,,6595,17,0,63 11 2 64 2 20,0
15100,'1',1554,,6973,16,0,20,0
15101,'1',818,,6974,4,0,75 1 76,0
