101,'1',528,,480,1,0,40 41 42 43,0,30,,4064,1,0,40 41 42 43,0,70,,4372,1,0,40 41 42 43,0,30,,3886,1,0,40 41 42 43,0,70,,5396,1,0,40 41 42 43,0,30,,1462,1,0,40 41 42 43,0,70,,5399,1,0,40 41 42 43,0,30,,5390,1,0,40 41 42 43,0,70,,5398,1,0,40 41 42 43,0,30,,5394,1,0,40 41 42 43,0,70,,5397,1,0,40 41 42 43,0,30,,5402,1,0,40 41 42 43,0,70,,5403,1,0,40 41 42 43,0,30,,5407,1,0,40 41 42 43,0,70,,5391,1,0,40 41 42 43,0,30,,5389,1,0,40 41 42 43,0,70,,5387,1,0,40 41 42 43,0,30,,5014,1,0,40 41 42 43,0,70,,5401,1,0,40 41 42 43,0,30,,5384,1,0,40 41 42 43,0,70,,5393,1,0,40 41 42 43,0,30,,5406,1,0,40 41 42 43,0,70,,2882,1,0,40 41 42 43,0,30,,5381,1,0,40 41 42 43,0,70,,71,1,0,40 41 42 43,0,30,,5382,1,0,40 41 42 43,0,70,,5388,1,0,40 41 42 43,0,30,,4859,1,0,40 41 42 43,0,70,,5386,1,0,40 41 42 43,0,30,,5395,1,0,40 41 42 43,0,70,,4235,1,0,40 41 42 43,0,30,,1602,1,0,40 41 42 43,0,70,,5392,1,0,40 41 42 43,0,30,,5383,1,0,40 41 42 43,0,70,,5400,1,0,40 41 42 43,0,30,,5404,1,0,40 41 42 43,0,70,,5405,1,0,40 41 42 43,0
101,'2',528,,5410,1,0,40 41 42 43,0,30,,5413,1,0,40 41 42 43,0,70,,5426,1,0,40 41 42 43,0,30,,4211,1,0,40 41 42 43,0,70,,5417,1,0,40 41 42 43,0,30,,5408,1,0,40 41 42 43,0,70,,5425,1,0,40 41 42 43,0,30,,5409,1,0,40 41 42 43,0,70,,5420,1,0,40 41 42 43,0,30,,5267,1,0,40 41 42 43,0,70,,5429,1,0,40 41 42 43,0,30,,5411,1,0,40 41 42 43,0,70,,5432,1,0,40 41 42 43,0,30,,3088,1,0,40 41 42 43,0,70,,5416,1,0,40 41 42 43,0,30,,5423,1,0,40 41 42 43,0,70,,5421,1,0,40 41 42 43,0,30,,5430,1,0,40 41 42 43,0,70,,3947,1,0,40 41 42 43,0,30,,5434,1,0,40 41 42 43,0,70,,3753,1,0,40 41 42 43,0,30,,5424,1,0,40 41 42 43,0,70,,5419,1,0,40 41 42 43,0,30,,5422,1,0,40 41 42 43,0,70,,2754,1,0,40 41 42 43,0,30,,3855,1,0,40 41 42 43,0,70,,5414,1,0,40 41 42 43,0,30,,5415,1,0,40 41 42 43,0,70,,5418,1,0,40 41 42 43,0,30,,5428,1,0,40 41 42 43,0,70,,5412,1,0,40 41 42 43,0,30,,5433,1,0,40 41 42 43,0,70,,4896,1,0,40 41 42 43,0,30,,4605,1,0,40 41 42 43,0,70,,3677,1,0,40 41 42 43,0,30,,3396,1,0,40 41 42 43,0,70,,5431,1,0,40 41 42 43,0
101,'3',828,,5451,1,0,40 41 42 43,0,30,,5446,1,0,40 41 42 43,0,70,,5452,1,0,40 41 42 43,0,30,,5453,1,0,40 41 42 43,0,70,,5437,1,0,40 41 42 43,0,30,,4867,1,0,40 41 42 43,0,70,,5438,1,0,40 41 42 43,0,30,,5441,1,0,40 41 42 43,0,70,,5436,1,0,40 41 42 43,0,30,,4706,1,0,40 41 42 43,0,70,,5445,1,0,40 41 42 43,0,30,,5435,1,0,40 41 42 43,0,70,,5450,1,0,40 41 42 43,0,30,,4452,1,0,40 41 42 43,0,70,,5442,1,0,40 41 42 43,0,30,,5443,1,0,40 41 42 43,0,70,,5448,1,0,40 41 42 43,0,30,,4806,1,0,40 41 42 43,0,70,,5440,1,0,40 41 42 43,0,30,,5447,1,0,40 41 42 43,0,70,,5449,1,0,40 41 42 43,0,30,,5439,1,0,40 41 42 43,0,70,,5444,1,0,40 41 42 43,0
101,'4',528,,5469,1,0,40 41 42 43,0,30,,4813,1,0,40 41 42 43,0,70,,1827,1,0,40 41 42 43,0,30,,5462,1,0,40 41 42 43,0,70,,5480,1,0,40 41 42 43,0,30,,5478,1,0,40 41 42 43,0,70,,5461,1,0,40 41 42 43,0,30,,5456,1,0,40 41 42 43,0,70,,5476,1,0,40 41 42 43,0,30,,5483,1,0,40 41 42 43,0,70,,5471,1,0,40 41 42 43,0,30,,5479,1,0,40 41 42 43,0,70,,3652,1,0,40 41 42 43,0,30,,5477,1,0,40 41 42 43,0,70,,5463,1,0,40 41 42 43,0,30,,3830,1,0,40 41 42 43,0,70,,5472,1,0,40 41 42 43,0,30,,4931,1,0,40 41 42 43,0,70,,170,1,0,40 41 42 43,0,30,,5468,1,0,40 41 42 43,0,70,,5470,1,0,40 41 42 43,0,30,,5481,1,0,40 41 42 43,0,70,,5458,1,0,40 41 42 43,0,30,,5460,1,0,40 41 42 43,0,70,,5482,1,0,40 41 42 43,0,30,,5464,1,0,40 41 42 43,0,70,,5474,1,0,40 41 42 43,0,30,,5457,1,0,40 41 42 43,0,70,,5475,1,0,40 41 42 43,0,30,,5466,1,0,40 41 42 43,0,70,,5459,1,0,40 41 42 43,0,30,,5467,1,0,40 41 42 43,0,70,,5484,1,0,40 41 42 43,0,30,,4469,1,0,40 41 42 43,0,70,,5473,1,0,40 41 42 43,0,30,,5465,1,0,40 41 42 43,0,70,,5455,1,0,40 41 42 43,0
200,'1',554,,5497,40,4,,0,70,,5509,40,4,,0,30,,5487,40,4,,0,70,,4433,40,4,,0,30,,5504,40,4,,0,70,,2743,40,4,,0,30,,5502,40,4,,0,70,,3597,40,4,,0,30,,5486,40,4,,0,70,,4054,40,4,,0,30,,5503,40,4,,0,70,,5499,40,4,,0,30,,5496,40,4,,0,70,,5488,40,4,,0,30,,2575,40,4,,0,70,,3001,40,4,,0,30,,5494,40,4,,0,70,,5495,40,4,,0,30,,5492,40,4,,0,70,,4438,40,4,,0,30,,5489,40,4,,0,70,,5506,40,4,,0,30,,5485,40,4,,0,70,,5491,40,4,,0,30,,4366,40,4,,0,70,,5508,40,4,,0,30,,3973,40,4,,0,70,,5498,40,4,,0,30,,5501,40,4,,0,70,,5507,40,4,,0,30,,5493,40,4,,0,70,,5510,40,4,,0,30,,5490,40,4,,0,70,,5505,40,4,,0,30,,4301,40,4,,0,70,,5062,40,4,,0,30,,5500,40,4,,0
200,'2',554,,5260,40,4,,0,70,,3303,40,4,,0,30,,5525,40,4,,0,70,,5516,40,4,,0,30,,3224,40,4,,0,70,,5523,40,4,,0,30,,5526,40,4,,0,70,,3955,40,4,,0,30,,5527,40,4,,0,70,,4274,40,4,,0,30,,638,40,4,,0,70,,3565,40,4,,0,30,,5243,40,4,,0,70,,4142,40,4,,0,30,,4289,40,4,,0,70,,5114,40,4,,0,30,,5513,40,4,,0,70,,4417,40,4,,0,30,,5520,40,4,,0,70,,5518,40,4,,0,30,,4339,40,4,,0,70,,5529,40,4,,0,30,,2215,40,4,,0,70,,5511,40,4,,0,30,,5530,40,4,,0,70,,4419,40,4,,0,30,,5519,40,4,,0,70,,5517,40,4,,0,30,,5514,40,4,,0,70,,5521,40,4,,0,30,,5522,40,4,,0,70,,5512,40,4,,0,30,,2892,40,4,,0,70,,5528,40,4,,0,30,,1874,40,4,,0,70,,5515,40,4,,0,30,,5524,40,4,,0
200,'3',854,,5539,40,4,,0,70,,5552,40,4,,0,30,,5538,40,4,,0,70,,5531,40,4,,0,30,,5537,40,4,,0,70,,5548,40,4,,0,30,,5551,40,4,,0,70,,5536,40,4,,0,30,,5534,40,4,,0,70,,5535,40,4,,0,30,,5550,40,4,,0,70,,5532,40,4,,0,30,,5542,40,4,,0,70,,5546,40,4,,0,30,,5541,40,4,,0,70,,5540,40,4,,0,30,,3817,40,4,,0,70,,5543,40,4,,0,30,,2971,40,4,,0,70,,5547,40,4,,0,30,,5549,40,4,,0,70,,5545,40,4,,0,30,,5544,40,4,,0,70,,5533,40,4,,0
200,'4',554,,5555,40,4,,0,70,,4008,40,4,,0,30,,5557,40,4,,0,70,,5562,40,4,,0,30,,5558,40,4,,0,70,,4407,40,4,,0,30,,3348,40,4,,0,70,,5566,40,4,,0,30,,1216,40,4,,0,70,,5568,40,4,,0,30,,5569,40,4,,0,70,,5560,40,4,,0,30,,5563,40,4,,0,70,,5556,40,4,,0,30,,5572,40,4,,0,70,,5565,40,4,,0,30,,5559,40,4,,0,70,,5570,40,4,,0,30,,1994,40,4,,0,70,,5575,40,4,,0,30,,5574,40,4,,0,70,,4540,40,4,,0,30,,912,40,4,,0,70,,5554,40,4,,0,30,,4025,40,4,,0,70,,5567,40,4,,0,30,,5564,40,4,,0,70,,5573,40,4,,0,30,,4729,40,4,,0,70,,5553,40,4,,0,30,,3928,40,4,,0,70,,2793,40,4,,0,30,,5561,40,4,,0,70,,5576,40,4,,0,30,,5571,40,4,,0,70,,4179,40,4,,0,30,,4018,40,4,,0
400,'1',546,,5836,19,4,,0,70,,5180,59,4,,0,30,,5835,59,4,,0,70,,5840,59,4,,0,30,,5849,59,4,,0,70,,5843,59,4,,0,30,,3789,59,4,,0,70,,5845,59,4,,0,30,,5848,59,4,,0,70,,5856,59,4,,0,30,,4693,59,4,,0,70,,5850,59,4,,0,30,,5854,59,4,,0,70,,4695,59,4,,0,30,,5839,59,4,,0,70,,5837,59,4,,0,30,,5846,59,4,,0,70,,5211,59,4,,0,30,,5838,59,4,,0,70,,3137,59,4,,0,30,,5842,59,4,,0,70,,5847,59,4,,0,30,,4514,59,4,,0,70,,5853,59,4,,0,30,,5851,59,4,,0,70,,3875,59,4,,0,30,,3983,59,4,,0,70,,923,59,4,,0,30,,5852,59,4,,0,70,,5841,59,4,,0,30,,5844,59,4,,0,100,,5834,59,4,,0,100,,5855,59,4,,0,100,,3500,59,4,,0
400,'2',546,,5871,19,4,,0,70,,5242,59,4,,0,30,,5859,59,4,,0,70,,5862,59,4,,0,30,,3864,59,4,,0,70,,5869,59,4,,0,30,,5874,59,4,,0,70,,5865,59,4,,0,30,,5880,59,4,,0,70,,5877,59,4,,0,30,,5857,59,4,,0,70,,5863,59,4,,0,30,,5875,59,4,,0,70,,5867,59,4,,0,30,,5248,59,4,,0,70,,4548,59,4,,0,30,,5878,59,4,,0,70,,3562,59,4,,0,30,,3963,59,4,,0,70,,5870,59,4,,0,30,,5872,59,4,,0,70,,5861,59,4,,0,30,,5879,59,4,,0,70,,5864,59,4,,0,30,,5866,59,4,,0,70,,5873,59,4,,0,30,,3964,59,4,,0,70,,5868,59,4,,0,30,,5858,59,4,,0,70,,5881,59,4,,0,30,,5876,59,4,,0,100,,5860,59,4,,0,100,,4684,59,4,,0,100,,640,59,4,,0
400,'3',816,,5890,19,4,,0,100,,5884,56,4,,0,100,,5070,56,4,,0,100,,5891,56,4,,0,100,,5889,56,4,,0,100,,3406,56,4,,0,100,,5887,56,4,,0,100,,5885,56,4,,0,100,,5886,56,4,,0,100,,3808,56,4,,0,100,,5882,56,4,,0,100,,5888,56,4,,0,100,,5883,56,4,,0
400,'4',546,,5910,19,4,,0,70,,5893,59,4,,0,30,,3919,59,4,,0,70,,5905,59,4,,0,30,,5902,59,4,,0,70,,5900,59,4,,0,30,,5901,59,4,,0,70,,3927,59,4,,0,30,,5892,59,4,,0,70,,4178,59,4,,0,30,,5906,59,4,,0,70,,5903,59,4,,0,30,,4337,59,4,,0,70,,4332,59,4,,0,30,,4668,59,4,,0,70,,5894,59,4,,0,30,,5897,59,4,,0,70,,4252,59,4,,0,30,,5895,59,4,,0,70,,299,59,4,,0,30,,5904,59,4,,0,70,,5909,59,4,,0,30,,3582,59,4,,0,70,,5896,59,4,,0,30,,2983,59,4,,0,70,,2635,59,4,,0,30,,4881,59,4,,0,70,,5907,59,4,,0,30,,5899,59,4,,0,70,,5898,59,4,,0,30,,3935,59,4,,0,100,,5092,59,4,,0,100,,3257,59,4,,0,100,,5908,59,4,,0
401,'1',522,,4853,1,0,21 2 22 23,0,30,,5911,1,0,21 2 22 23,0,70,,5935,1,0,21 2 22 23,0,30,,5067,1,0,21 2 22 23,0,70,,5921,1,0,21 2 22 23,0,30,,5932,1,0,21 2 22 23,0,70,,5913,1,0,21 2 22 23,0,30,,5928,1,0,21 2 22 23,0,70,,5933,1,0,21 2 22 23,0,30,,2255,1,0,21 2 22 23,0,70,,5929,1,0,21 2 22 23,0,30,,3364,1,0,21 2 22 23,0,70,,5925,1,0,21 2 22 23,0,30,,5924,1,0,21 2 22 23,0,70,,5930,1,0,21 2 22 23,0,30,,5919,1,0,21 2 22 23,0,70,,5916,1,0,21 2 22 23,0,30,,5923,1,0,21 2 22 23,0,70,,5914,1,0,21 2 22 23,0,30,,5189,1,0,21 2 22 23,0,70,,5934,1,0,21 2 22 23,0,30,,5917,1,0,21 2 22 23,0,70,,5918,1,0,21 2 22 23,0,30,,5920,1,0,21 2 22 23,0,70,,5936,1,0,21 2 22 23,0,30,,5931,1,0,21 2 22 23,0,70,,4156,1,0,21 2 22 23,0,30,,3786,1,0,21 2 22 23,0,70,,5927,1,0,21 2 22 23,0,30,,4297,1,0,21 2 22 23,0,100,,5912,1,0,21 2 22 23,0,100,,5915,1,0,21 2 22 23,0,100,,5926,1,0,21 2 22 23,0
401,'2',522,,4893,1,0,21 2 22 23,0,30,,3101,1,0,21 2 22 23,0,70,,5939,1,0,21 2 22 23,0,30,,5943,1,0,21 2 22 23,0,70,,5954,1,0,21 2 22 23,0,30,,3946,1,0,21 2 22 23,0,70,,4889,1,0,21 2 22 23,0,30,,5946,1,0,21 2 22 23,0,70,,5949,1,0,21 2 22 23,0,30,,4204,1,0,21 2 22 23,0,70,,5937,1,0,21 2 22 23,0,30,,5953,1,0,21 2 22 23,0,70,,5956,1,0,21 2 22 23,0,30,,5944,1,0,21 2 22 23,0,70,,5168,1,0,21 2 22 23,0,30,,5938,1,0,21 2 22 23,0,70,,5952,1,0,21 2 22 23,0,30,,5942,1,0,21 2 22 23,0,70,,2172,1,0,21 2 22 23,0,30,,5109,1,0,21 2 22 23,0,70,,4413,1,0,21 2 22 23,0,30,,4479,1,0,21 2 22 23,0,70,,5940,1,0,21 2 22 23,0,30,,5941,1,0,21 2 22 23,0,70,,5945,1,0,21 2 22 23,0,30,,5950,1,0,21 2 22 23,0,70,,5254,1,0,21 2 22 23,0,30,,2512,1,0,21 2 22 23,0,70,,4827,1,0,21 2 22 23,0,30,,5948,1,0,21 2 22 23,0,100,,5951,1,0,21 2 22 23,0,100,,5947,1,0,21 2 22 23,0,100,,2217,1,0,21 2 22 23,0
401,'3',822,,5960,1,0,21 2 22 23,0,100,,4725,1,0,21 2 22 23,0,100,,5961,1,0,21 2 22 23,0,100,,4798,1,0,21 2 22 23,0,100,,5966,1,0,21 2 22 23,0,100,,5965,1,0,21 2 22 23,0,100,,5962,1,0,21 2 22 23,0,100,,5963,1,0,21 2 22 23,0,100,,5958,1,0,21 2 22 23,0,100,,5957,1,0,21 2 22 23,0,100,,5959,1,0,21 2 22 23,0,100,,5964,1,0,21 2 22 23,0
401,'4',522,,5982,1,0,21 2 22 23,0,30,,4019,1,0,21 2 22 23,0,70,,5977,1,0,21 2 22 23,0,30,,4176,1,0,21 2 22 23,0,70,,5984,1,0,21 2 22 23,0,30,,5973,1,0,21 2 22 23,0,70,,5974,1,0,21 2 22 23,0,30,,5989,1,0,21 2 22 23,0,70,,5987,1,0,21 2 22 23,0,30,,3056,1,0,21 2 22 23,0,70,,5971,1,0,21 2 22 23,0,30,,4260,1,0,21 2 22 23,0,70,,5972,1,0,21 2 22 23,0,30,,5988,1,0,21 2 22 23,0,70,,5991,1,0,21 2 22 23,0,30,,5975,1,0,21 2 22 23,0,70,,5978,1,0,21 2 22 23,0,30,,5985,1,0,21 2 22 23,0,70,,4730,1,0,21 2 22 23,0,30,,5983,1,0,21 2 22 23,0,70,,5967,1,0,21 2 22 23,0,30,,4114,1,0,21 2 22 23,0,70,,5990,1,0,21 2 22 23,0,30,,5970,1,0,21 2 22 23,0,70,,3485,1,0,21 2 22 23,0,30,,3825,1,0,21 2 22 23,0,70,,5969,1,0,21 2 22 23,0,30,,5986,1,0,21 2 22 23,0,70,,5976,1,0,21 2 22 23,0,30,,5979,1,0,21 2 22 23,0,100,,5981,1,0,21 2 22 23,0,100,,5980,1,0,21 2 22 23,0,100,,4192,1,0,21 2 22 23,0
1901,'1',648,,4846,23,,,0,60,,6922,23,,,0,30,,6924,23,,,0,70,,6921,23,,,0,745,,3895,23,,,0,70,,6925,23,,,0,30,,4862,23,,,0,70,,6923,23,,,0
1901,'2',648,,6930,23,,,0,60,,6927,23,,,0,30,,6928,23,,,0,70,,5051,23,,,0,745,,6926,23,,,0,70,,3084,23,,,0,30,,6929,23,,,0,70,,4125,23,,,0
13800,'1',1550,,6958,24,4,,0
14101,'1',820,,6963,11,,,0,1,,6962,18,,,0
