1500,'1',521,,6613,6,0,38 2 39,0,30,,6620,6,0,38 2 39,0,70,,6621,6,0,38 2 39,0,30,,6617,6,0,38 2 39,0,70,,6615,6,0,38 2 39,0,30,,6611,6,0,38 2 39,0,70,,4148,6,0,38 2 39,0,30,,4565,6,0,38 2 39,0,70,,6625,6,0,38 2 39,0,100,,4959,6,0,38 2 39,0,100,,6612,6,0,38 2 39,0,100,,4065,6,0,38 2 39,0,100,,6610,6,0,38 2 39,0,100,,6622,6,0,38 2 39,0,30,,6616,6,0,38 2 39,0,70,,6614,6,0,38 2 39,0,30,,6626,6,0,38 2 39,0,70,,6619,6,0,38 2 39,0,30,,6623,6,0,38 2 39,0,70,,5118,6,0,38 2 39,0,30,,927,6,0,38 2 39,0,70,,6624,6,0,38 2 39,0,100,,6618,6,0,38 2 39,0
1500,'2',521,,6634,6,0,38 2 39,0,30,,6636,6,0,38 2 39,0,70,,6635,6,0,38 2 39,0,30,,6628,6,0,38 2 39,0,70,,6632,6,0,38 2 39,0,30,,6631,6,0,38 2 39,0,70,,6630,6,0,38 2 39,0,30,,5100,6,0,38 2 39,0,70,,6629,6,0,38 2 39,0,100,,5167,6,0,38 2 39,0,100,,6639,6,0,38 2 39,0,100,,6633,6,0,38 2 39,0,100,,6637,6,0,38 2 39,0,100,,4421,6,0,38 2 39,0,30,,1790,6,0,38 2 39,0,70,,6638,6,0,38 2 39,0,30,,3847,6,0,38 2 39,0,70,,3627,6,0,38 2 39,0,30,,1069,6,0,38 2 39,0,70,,2963,6,0,38 2 39,0,30,,6640,6,0,38 2 39,0,70,,4425,6,0,38 2 39,0,100,,6627,6,0,38 2 39,0
1500,'3',821,,4868,6,0,38 2 39,0,100,,6648,6,0,38 2 39,0,100,,6642,6,0,38 2 39,0,100,,6649,6,0,38 2 39,0,100,,6643,6,0,38 2 39,0,100,,6644,6,0,38 2 39,0,100,,6650,6,0,38 2 39,0,100,,6645,6,0,38 2 39,0,100,,6646,6,0,38 2 39,0,100,,6651,6,0,38 2 39,0,100,,6641,6,0,38 2 39,0,100,,6647,6,0,38 2 39,0
1500,'4',521,,6667,6,0,38 2 39,0,30,,6657,6,0,38 2 39,0,70,,4118,6,0,38 2 39,0,30,,6660,6,0,38 2 39,0,70,,6659,6,0,38 2 39,0,30,,6655,6,0,38 2 39,0,70,,4932,6,0,38 2 39,0,30,,6664,6,0,38 2 39,0,70,,6668,6,0,38 2 39,0,100,,2914,6,0,38 2 39,0,100,,6656,6,0,38 2 39,0,100,,6652,6,0,38 2 39,0,100,,6653,6,0,38 2 39,0,100,,2865,6,0,38 2 39,0,30,,6658,6,0,38 2 39,0,70,,6662,6,0,38 2 39,0,30,,6661,6,0,38 2 39,0,70,,6666,6,0,38 2 39,0,30,,6663,6,0,38 2 39,0,70,,6654,6,0,38 2 39,0,30,,6665,6,0,38 2 39,0,70,,3821,6,0,38 2 39,0,100,,4665,6,0,38 2 39,0
1501,'1',601,,6678,23,0,38 2 39,0,30,,6680,23,0,38 2 39,0,70,,4375,23,0,38 2 39,0,30,,2327,23,0,38 2 39,0,70,,3728,23,0,38 2 39,0,30,,6681,23,0,38 2 39,0,70,,6669,23,0,38 2 39,0,30,,6670,23,0,38 2 39,0,70,,6675,23,0,38 2 39,0,100,,4564,23,0,38 2 39,0,100,,6683,23,0,38 2 39,0,100,,6677,23,0,38 2 39,0,100,,6672,23,0,38 2 39,0,100,,6671,23,0,38 2 39,0,30,,6682,23,0,38 2 39,0,70,,6676,23,0,38 2 39,0,30,,6673,23,0,38 2 39,0,70,,6679,23,0,38 2 39,0,30,,1574,23,0,38 2 39,0,70,,3977,23,0,38 2 39,0,30,,6674,23,0,38 2 39,0,70,,6684,23,0,38 2 39,0,100,,2654,23,0,38 2 39,0
1501,'2',601,,3154,23,0,38 2 39,0,30,,6692,23,0,38 2 39,0,70,,6691,23,0,38 2 39,0,30,,6702,23,0,38 2 39,0,70,,6689,23,0,38 2 39,0,30,,6700,23,0,38 2 39,0,70,,4836,23,0,38 2 39,0,30,,6698,23,0,38 2 39,0,70,,6693,23,0,38 2 39,0,100,,6686,23,0,38 2 39,0,100,,6690,23,0,38 2 39,0,100,,6697,23,0,38 2 39,0,100,,6695,23,0,38 2 39,0,100,,6696,23,0,38 2 39,0,30,,6701,23,0,38 2 39,0,70,,975,23,0,38 2 39,0,30,,6687,23,0,38 2 39,0,70,,6699,23,0,38 2 39,0,30,,6685,23,0,38 2 39,0,70,,5265,23,0,38 2 39,0,30,,3945,23,0,38 2 39,0,70,,6694,23,0,38 2 39,0,100,,6688,23,0,38 2 39,0
1501,'3',903,,4000,23,0,38 2 39,0,100,,6706,23,0,38 2 39,0,100,,6712,23,0,38 2 39,0,100,,6708,23,0,38 2 39,0,100,,6713,23,0,38 2 39,0,100,,6710,23,0,38 2 39,0,100,,6711,23,0,38 2 39,0,100,,6705,23,0,38 2 39,0,100,,6704,23,0,38 2 39,0,100,,6709,23,0,38 2 39,0,100,,6707,23,0,38 2 39,0,100,,6703,23,0,38 2 39,0
1501,'4',601,,6722,23,0,38 2 39,0,30,,6715,23,0,38 2 39,0,70,,432,23,0,38 2 39,0,30,,6721,23,0,38 2 39,0,70,,6728,23,0,38 2 39,0,30,,6723,23,0,38 2 39,0,70,,6725,23,0,38 2 39,0,30,,4472,23,0,38 2 39,0,70,,6714,23,0,38 2 39,0,100,,6717,23,0,38 2 39,0,100,,6724,23,0,38 2 39,0,100,,5037,23,0,38 2 39,0,100,,4023,23,0,38 2 39,0,100,,6719,23,0,38 2 39,0,30,,1658,23,0,38 2 39,0,70,,6727,23,0,38 2 39,0,30,,6726,23,0,38 2 39,0,70,,333,23,0,38 2 39,0,30,,6716,23,0,38 2 39,0,70,,6729,23,0,38 2 39,0,30,,6718,23,0,38 2 39,0,70,,6720,23,0,38 2 39,0,100,,1222,23,0,38 2 39,0
11300,'1',1501,,6933,4,,,0
11301,'1',757,,6934,19,,,0
13900,'1',1536,,6959,6,,,0
13901,'1',751,,6960,18,,,0
