100,'1',521,,5286,12,0,40 41 42 43,0,30,,5296,12,0,40 41 42 43,0,70,,5294,12,0,40 41 42 43,0,30,,5291,12,0,40 41 42 43,0,70,,5290,12,0,40 41 42 43,0,30,,5299,12,0,40 41 42 43,0,70,,215,12,0,40 41 42 43,0,30,,5304,12,0,40 41 42 43,0,70,,5301,12,0,40 41 42 43,0,30,,5303,12,0,40 41 42 43,0,70,,4857,12,0,40 41 42 43,0,30,,5280,12,0,40 41 42 43,0,70,,5295,12,0,40 41 42 43,0,30,,5297,12,0,40 41 42 43,0,70,,5288,12,0,40 41 42 43,0,30,,5298,12,0,40 41 42 43,0,70,,5292,12,0,40 41 42 43,0,30,,4363,12,0,40 41 42 43,0,70,,5284,12,0,40 41 42 43,0,30,,5283,12,0,40 41 42 43,0,70,,3885,12,0,40 41 42 43,0,30,,5293,12,0,40 41 42 43,0,70,,5302,12,0,40 41 42 43,0,30,,4632,12,0,40 41 42 43,0,70,,2042,12,0,40 41 42 43,0,30,,3490,12,0,40 41 42 43,0,70,,5281,12,0,40 41 42 43,0,30,,5287,12,0,40 41 42 43,0,70,,5279,12,0,40 41 42 43,0,30,,4777,12,0,40 41 42 43,0,70,,5300,12,0,40 41 42 43,0,30,,4961,12,0,40 41 42 43,0,70,,4638,12,0,40 41 42 43,0,30,,5285,12,0,40 41 42 43,0,70,,5289,12,0,40 41 42 43,0,30,,5282,12,0,40 41 42 43,0
100,'2',521,,5326,12,0,40 41 42 43,0,30,,5320,12,0,40 41 42 43,0,70,,5310,12,0,40 41 42 43,0,30,,4998,12,0,40 41 42 43,0,70,,5322,12,0,40 41 42 43,0,30,,5307,12,0,40 41 42 43,0,70,,5329,12,0,40 41 42 43,0,30,,5319,12,0,40 41 42 43,0,70,,5312,12,0,40 41 42 43,0,30,,5309,12,0,40 41 42 43,0,70,,5106,12,0,40 41 42 43,0,30,,5313,12,0,40 41 42 43,0,70,,5308,12,0,40 41 42 43,0,30,,5323,12,0,40 41 42 43,0,70,,3846,12,0,40 41 42 43,0,30,,5324,12,0,40 41 42 43,0,70,,2950,12,0,40 41 42 43,0,30,,5305,12,0,40 41 42 43,0,70,,5318,12,0,40 41 42 43,0,30,,5316,12,0,40 41 42 43,0,70,,5325,12,0,40 41 42 43,0,30,,4954,12,0,40 41 42 43,0,70,,5311,12,0,40 41 42 43,0,30,,5306,12,0,40 41 42 43,0,70,,2823,12,0,40 41 42 43,0,30,,5317,12,0,40 41 42 43,0,70,,5330,12,0,40 41 42 43,0,30,,5315,12,0,40 41 42 43,0,70,,5273,12,0,40 41 42 43,0,30,,5327,12,0,40 41 42 43,0,70,,4196,12,0,40 41 42 43,0,30,,4943,12,0,40 41 42 43,0,70,,1887,12,0,40 41 42 43,0,30,,5328,12,0,40 41 42 43,0,70,,5314,12,0,40 41 42 43,0,30,,2597,12,0,40 41 42 43,0
100,'3',821,,5331,12,0,40 41 42 43,0,30,,5336,12,0,40 41 42 43,0,70,,5334,12,0,40 41 42 43,0,30,,5346,12,0,40 41 42 43,0,70,,5350,12,0,40 41 42 43,0,30,,5347,12,0,40 41 42 43,0,70,,5339,12,0,40 41 42 43,0,30,,5342,12,0,40 41 42 43,0,70,,4719,12,0,40 41 42 43,0,30,,5352,12,0,40 41 42 43,0,70,,5340,12,0,40 41 42 43,0,30,,5335,12,0,40 41 42 43,0,70,,5351,12,0,40 41 42 43,0,30,,5348,12,0,40 41 42 43,0,70,,5338,12,0,40 41 42 43,0,30,,5337,12,0,40 41 42 43,0,70,,5343,12,0,40 41 42 43,0,30,,5344,12,0,40 41 42 43,0,70,,5345,12,0,40 41 42 43,0,30,,5349,12,0,40 41 42 43,0,70,,5333,12,0,40 41 42 43,0,30,,5341,12,0,40 41 42 43,0,70,,5332,12,0,40 41 42 43,0
100,'4',521,,5380,12,0,40 41 42 43,0,30,,5358,12,0,40 41 42 43,0,70,,5360,12,0,40 41 42 43,0,30,,5364,12,0,40 41 42 43,0,70,,2555,12,0,40 41 42 43,0,30,,5359,12,0,40 41 42 43,0,70,,5372,12,0,40 41 42 43,0,30,,5370,12,0,40 41 42 43,0,70,,5375,12,0,40 41 42 43,0,30,,5371,12,0,40 41 42 43,0,70,,5035,12,0,40 41 42 43,0,30,,2464,12,0,40 41 42 43,0,70,,5373,12,0,40 41 42 43,0,30,,4017,12,0,40 41 42 43,0,70,,5361,12,0,40 41 42 43,0,30,,5357,12,0,40 41 42 43,0,70,,5374,12,0,40 41 42 43,0,30,,5377,12,0,40 41 42 43,0,70,,3121,12,0,40 41 42 43,0,30,,5368,12,0,40 41 42 43,0,70,,5367,12,0,40 41 42 43,0,30,,4878,12,0,40 41 42 43,0,70,,5356,12,0,40 41 42 43,0,30,,5362,12,0,40 41 42 43,0,70,,5353,12,0,40 41 42 43,0,30,,5378,12,0,40 41 42 43,0,70,,2924,12,0,40 41 42 43,0,30,,5355,12,0,40 41 42 43,0,70,,5363,12,0,40 41 42 43,0,30,,5369,12,0,40 41 42 43,0,70,,5379,12,0,40 41 42 43,0,30,,4460,12,0,40 41 42 43,0,70,,5354,12,0,40 41 42 43,0,30,,5366,12,0,40 41 42 43,0,70,,5376,12,0,40 41 42 43,0,30,,5365,12,0,40 41 42 43,0
1800,'1',522,,1159,5,0,44 45,0,1199,,2492,5,0,44 45,0
1800,'2',522,,6883,5,0,44 45,0,1199,,4894,5,0,44 45,0
1801,'1',521,,6895,6,0,44 45,0,30,,6885,6,0,44 45,0,70,,6886,6,0,44 45,0,30,,6891,6,0,44 45,0,70,,6894,6,0,44 45,0,30,,6892,6,0,44 45,0,70,,6893,6,0,44 45,0,30,,6903,6,0,44 45,0,70,,2665,6,0,44 45,0,30,,6898,6,0,44 45,0,70,,3882,6,0,44 45,0,30,,5176,6,0,44 45,0,70,,6890,6,0,44 45,0,30,,6887,6,0,44 45,0,70,,6899,6,0,44 45,0,30,,6889,6,0,44 45,0,70,,4222,6,0,44 45,0,30,,6901,6,0,44 45,0,70,,6897,6,0,44 45,0,30,,6896,6,0,44 45,0,70,,6884,6,0,44 45,0,30,,6904,6,0,44 45,0,70,,6900,6,0,44 45,0,30,,3285,6,0,44 45,0
1801,'2',521,,6908,6,0,44 45,0,30,,3744,6,0,44 45,0,70,,6919,6,0,44 45,0,30,,6912,6,0,44 45,0,70,,4759,6,0,44 45,0,30,,6909,6,0,44 45,0,70,,3684,6,0,44 45,0,30,,6911,6,0,44 45,0,70,,2519,6,0,44 45,0,30,,6920,6,0,44 45,0,70,,6918,6,0,44 45,0,30,,526,6,0,44 45,0,70,,6907,6,0,44 45,0,30,,6915,6,0,44 45,0,70,,6914,6,0,44 45,0,30,,6917,6,0,44 45,0,70,,4345,6,0,44 45,0,30,,3958,6,0,44 45,0,70,,6910,6,0,44 45,0,30,,6905,6,0,44 45,0,70,,3388,6,0,44 45,0,30,,4282,6,0,44 45,0,70,,6906,6,0,44 45,0,30,,6913,6,0,44 45,0
11200,'1',1509,,6932,15,0,44 101 102 48 49 3 25 36,0
13100,'1',1532,,6947,6,,,0
13400,'1',1526,,6950,6,,,0,5,,6951,6,,,0
14100,'1',1600,,4506,5,,,0
