100,'1',516,,5286,9,0,40 41 42 43,0,30,,5296,9,0,40 41 42 43,0,70,,5294,9,0,40 41 42 43,0,30,,5291,9,0,40 41 42 43,0,70,,5290,9,0,40 41 42 43,0,30,,5299,9,0,40 41 42 43,0,70,,215,9,0,40 41 42 43,0,30,,5304,9,0,40 41 42 43,0,70,,5301,9,0,40 41 42 43,0,30,,5303,9,0,40 41 42 43,0,70,,4857,9,0,40 41 42 43,0,30,,5280,9,0,40 41 42 43,0,70,,5295,9,0,40 41 42 43,0,30,,5297,9,0,40 41 42 43,0,70,,5288,9,0,40 41 42 43,0,30,,5298,9,0,40 41 42 43,0,70,,5292,9,0,40 41 42 43,0,30,,4363,9,0,40 41 42 43,0,70,,5284,9,0,40 41 42 43,0,30,,5283,9,0,40 41 42 43,0,70,,3885,9,0,40 41 42 43,0,30,,5293,9,0,40 41 42 43,0,70,,5302,9,0,40 41 42 43,0,30,,4632,9,0,40 41 42 43,0,70,,2042,9,0,40 41 42 43,0,30,,3490,9,0,40 41 42 43,0,70,,5281,9,0,40 41 42 43,0,30,,5287,9,0,40 41 42 43,0,70,,5279,9,0,40 41 42 43,0,30,,4777,9,0,40 41 42 43,0,70,,5300,9,0,40 41 42 43,0,30,,4961,9,0,40 41 42 43,0,70,,4638,9,0,40 41 42 43,0,30,,5285,9,0,40 41 42 43,0,70,,5289,9,0,40 41 42 43,0,30,,5282,9,0,40 41 42 43,0,61,,4637,9,0,40 41 42 43,0
100,'2',516,,5326,9,0,40 41 42 43,0,30,,5320,9,0,40 41 42 43,0,70,,5310,9,0,40 41 42 43,0,30,,4998,9,0,40 41 42 43,0,70,,5322,9,0,40 41 42 43,0,30,,5307,9,0,40 41 42 43,0,70,,5329,9,0,40 41 42 43,0,30,,5319,9,0,40 41 42 43,0,70,,5312,9,0,40 41 42 43,0,30,,5309,9,0,40 41 42 43,0,70,,5106,9,0,40 41 42 43,0,30,,5313,9,0,40 41 42 43,0,70,,5308,9,0,40 41 42 43,0,30,,5323,9,0,40 41 42 43,0,70,,3846,9,0,40 41 42 43,0,30,,5324,9,0,40 41 42 43,0,70,,2950,9,0,40 41 42 43,0,30,,5305,9,0,40 41 42 43,0,70,,5318,9,0,40 41 42 43,0,30,,5316,9,0,40 41 42 43,0,70,,5325,9,0,40 41 42 43,0,30,,4954,9,0,40 41 42 43,0,70,,5311,9,0,40 41 42 43,0,30,,5306,9,0,40 41 42 43,0,70,,2823,9,0,40 41 42 43,0,30,,5317,9,0,40 41 42 43,0,70,,5330,9,0,40 41 42 43,0,30,,5315,9,0,40 41 42 43,0,70,,5273,9,0,40 41 42 43,0,30,,5327,9,0,40 41 42 43,0,70,,4196,9,0,40 41 42 43,0,30,,4943,9,0,40 41 42 43,0,70,,1887,9,0,40 41 42 43,0,30,,5328,9,0,40 41 42 43,0,70,,5314,9,0,40 41 42 43,0,30,,2597,9,0,40 41 42 43,0,61,,5321,9,0,40 41 42 43,0
100,'3',816,,5331,9,0,40 41 42 43,0,30,,5336,9,0,40 41 42 43,0,70,,5334,9,0,40 41 42 43,0,30,,5346,9,0,40 41 42 43,0,70,,5350,9,0,40 41 42 43,0,30,,5347,9,0,40 41 42 43,0,70,,5339,9,0,40 41 42 43,0,30,,5342,9,0,40 41 42 43,0,70,,4719,9,0,40 41 42 43,0,30,,5352,9,0,40 41 42 43,0,70,,5340,9,0,40 41 42 43,0,30,,5335,9,0,40 41 42 43,0,70,,5351,9,0,40 41 42 43,0,30,,5348,9,0,40 41 42 43,0,70,,5338,9,0,40 41 42 43,0,30,,5337,9,0,40 41 42 43,0,70,,5343,9,0,40 41 42 43,0,30,,5344,9,0,40 41 42 43,0,70,,5345,9,0,40 41 42 43,0,30,,5349,9,0,40 41 42 43,0,70,,5333,9,0,40 41 42 43,0,30,,5341,9,0,40 41 42 43,0,70,,5332,9,0,40 41 42 43,0
100,'4',516,,5380,9,0,40 41 42 43,0,30,,5358,9,0,40 41 42 43,0,70,,5360,9,0,40 41 42 43,0,30,,5364,9,0,40 41 42 43,0,70,,2555,9,0,40 41 42 43,0,30,,5359,9,0,40 41 42 43,0,70,,5372,9,0,40 41 42 43,0,30,,5370,9,0,40 41 42 43,0,70,,5375,9,0,40 41 42 43,0,30,,5371,9,0,40 41 42 43,0,70,,5035,9,0,40 41 42 43,0,30,,2464,9,0,40 41 42 43,0,70,,5373,9,0,40 41 42 43,0,30,,4017,9,0,40 41 42 43,0,70,,5361,9,0,40 41 42 43,0,30,,5357,9,0,40 41 42 43,0,70,,5374,9,0,40 41 42 43,0,30,,5377,9,0,40 41 42 43,0,70,,3121,9,0,40 41 42 43,0,30,,5368,9,0,40 41 42 43,0,70,,5367,9,0,40 41 42 43,0,30,,4878,9,0,40 41 42 43,0,70,,5356,9,0,40 41 42 43,0,30,,5362,9,0,40 41 42 43,0,70,,5353,9,0,40 41 42 43,0,30,,5378,9,0,40 41 42 43,0,70,,2924,9,0,40 41 42 43,0,30,,5355,9,0,40 41 42 43,0,70,,5363,9,0,40 41 42 43,0,30,,5369,9,0,40 41 42 43,0,70,,5379,9,0,40 41 42 43,0,30,,4460,9,0,40 41 42 43,0,70,,5354,9,0,40 41 42 43,0,30,,5366,9,0,40 41 42 43,0,70,,5376,9,0,40 41 42 43,0,30,,5365,9,0,40 41 42 43,0,61,,4320,9,0,40 41 42 43,0
1600,'1',516,,4362,3,0,66 67,0,30,,5217,3,0,66 67,0,70,,4627,3,0,66 67,0,30,,6746,3,0,66 67,0,70,,6735,3,0,66 67,0,30,,6751,3,0,66 67,0,70,,6744,3,0,66 67,0,30,,6749,3,0,66 67,0,70,,6742,3,0,66 67,0,30,,6748,3,0,66 67,0,70,,6730,3,0,66 67,0,30,,6732,3,0,66 67,0,70,,6734,3,0,66 67,0,30,,6750,3,0,66 67,0,70,,6738,3,0,66 67,0,30,,4159,3,0,66 67,0,70,,4056,3,0,66 67,0,30,,4503,3,0,66 67,0,70,,4220,3,0,66 67,0,30,,6733,3,0,66 67,0,70,,6736,3,0,66 67,0,30,,6741,3,0,66 67,0,70,,6739,3,0,66 67,0,30,,6745,3,0,66 67,0,70,,6743,3,0,66 67,0,30,,6731,3,0,66 67,0,70,,6740,3,0,66 67,0,30,,6747,3,0,66 67,0,70,,2811,3,0,66 67,0,30,,6737,3,0,66 67,0
1600,'2',516,,4607,3,0,66 67,0,30,,6757,3,0,66 67,0,70,,6773,3,0,66 67,0,30,,2224,3,0,66 67,0,70,,6763,3,0,66 67,0,30,,6756,3,0,66 67,0,70,,6755,3,0,66 67,0,30,,6769,3,0,66 67,0,70,,6753,3,0,66 67,0,30,,6765,3,0,66 67,0,70,,615,3,0,66 67,0,30,,2511,3,0,66 67,0,70,,6754,3,0,66 67,0,30,,2895,3,0,66 67,0,70,,6760,3,0,66 67,0,30,,6764,3,0,66 67,0,70,,5246,3,0,66 67,0,30,,6771,3,0,66 67,0,70,,6772,3,0,66 67,0,30,,6752,3,0,66 67,0,70,,3683,3,0,66 67,0,30,,6770,3,0,66 67,0,70,,6766,3,0,66 67,0,30,,6759,3,0,66 67,0,70,,6768,3,0,66 67,0,30,,6762,3,0,66 67,0,70,,4892,3,0,66 67,0,30,,6761,3,0,66 67,0,70,,6767,3,0,66 67,0,30,,6758,3,0,66 67,0
1600,'3',846,,6783,3,0,66 67,0,100,,6781,3,0,66 67,0,100,,6774,3,0,66 67,0,100,,6782,3,0,66 67,0,100,,6776,3,0,66 67,0,100,,4707,3,0,66 67,0,100,,6775,3,0,66 67,0,100,,6779,3,0,66 67,0,100,,6780,3,0,66 67,0,100,,6778,3,0,66 67,0,100,,6784,3,0,66 67,0,100,,6777,3,0,66 67,0
1600,'4',516,,4531,3,0,66 67,0,30,,6794,3,0,66 67,0,70,,6792,3,0,66 67,0,30,,1570,3,0,66 67,0,70,,6806,3,0,66 67,0,30,,3128,3,0,66 67,0,70,,6798,3,0,66 67,0,30,,6790,3,0,66 67,0,70,,6804,3,0,66 67,0,30,,6789,3,0,66 67,0,70,,6808,3,0,66 67,0,30,,6795,3,0,66 67,0,70,,6807,3,0,66 67,0,30,,6791,3,0,66 67,0,70,,6805,3,0,66 67,0,30,,6799,3,0,66 67,0,70,,6802,3,0,66 67,0,30,,6787,3,0,66 67,0,70,,3171,3,0,66 67,0,30,,6797,3,0,66 67,0,70,,6786,3,0,66 67,0,30,,6796,3,0,66 67,0,70,,6803,3,0,66 67,0,30,,6785,3,0,66 67,0,70,,6793,3,0,66 67,0,30,,4395,3,0,66 67,0,70,,6800,3,0,66 67,0,30,,6788,3,0,66 67,0,70,,6801,3,0,66 67,0,30,,4187,3,0,66 67,0
1800,'1',517,,1159,3,0,44 45,0,1199,,2492,3,0,44 45,0
1800,'2',517,,6883,3,0,44 45,0,1199,,4894,3,0,44 45,0
1801,'1',516,,6895,4,0,44 45,0,30,,6885,4,0,44 45,0,70,,6886,4,0,44 45,0,30,,6891,4,0,44 45,0,70,,6894,4,0,44 45,0,30,,6892,4,0,44 45,0,70,,6893,4,0,44 45,0,30,,6903,4,0,44 45,0,70,,2665,4,0,44 45,0,30,,6898,4,0,44 45,0,70,,3882,4,0,44 45,0,30,,5176,4,0,44 45,0,70,,6890,4,0,44 45,0,30,,6887,4,0,44 45,0,70,,6899,4,0,44 45,0,30,,6889,4,0,44 45,0,70,,4222,4,0,44 45,0,30,,6901,4,0,44 45,0,70,,6897,4,0,44 45,0,30,,6896,4,0,44 45,0,70,,6884,4,0,44 45,0,30,,6904,4,0,44 45,0,70,,6900,4,0,44 45,0,30,,3285,4,0,44 45,0
1801,'2',516,,6908,4,0,44 45,0,30,,3744,4,0,44 45,0,70,,6919,4,0,44 45,0,30,,6912,4,0,44 45,0,70,,4759,4,0,44 45,0,30,,6909,4,0,44 45,0,70,,3684,4,0,44 45,0,30,,6911,4,0,44 45,0,70,,2519,4,0,44 45,0,30,,6920,4,0,44 45,0,70,,6918,4,0,44 45,0,30,,526,4,0,44 45,0,70,,6907,4,0,44 45,0,30,,6915,4,0,44 45,0,70,,6914,4,0,44 45,0,30,,6917,4,0,44 45,0,70,,4345,4,0,44 45,0,30,,3958,4,0,44 45,0,70,,6910,4,0,44 45,0,30,,6905,4,0,44 45,0,70,,3388,4,0,44 45,0,30,,4282,4,0,44 45,0,70,,6906,4,0,44 45,0,30,,6913,4,0,44 45,0
16001,'1',847,,6979,4,,,0
