401,'1',516,,5922,2,0,21 2 22 23,0,30,,4853,21,0,21 2 22 23,0,70,,5911,21,0,21 2 22 23,0,30,,5935,21,0,21 2 22 23,0,70,,5067,21,0,21 2 22 23,0,30,,5921,21,0,21 2 22 23,0,70,,5932,21,0,21 2 22 23,0,30,,5913,21,0,21 2 22 23,0,70,,5928,21,0,21 2 22 23,0,30,,5933,21,0,21 2 22 23,0,70,,2255,21,0,21 2 22 23,0,30,,5929,21,0,21 2 22 23,0,70,,3364,21,0,21 2 22 23,0,30,,5925,21,0,21 2 22 23,0,70,,5924,21,0,21 2 22 23,0,30,,5930,21,0,21 2 22 23,0,70,,5919,21,0,21 2 22 23,0,30,,5916,21,0,21 2 22 23,0,70,,5923,21,0,21 2 22 23,0,30,,5914,21,0,21 2 22 23,0,70,,5189,21,0,21 2 22 23,0,30,,5934,21,0,21 2 22 23,0,70,,5917,21,0,21 2 22 23,0,30,,5918,21,0,21 2 22 23,0,70,,5920,21,0,21 2 22 23,0,30,,5936,21,0,21 2 22 23,0,70,,5931,21,0,21 2 22 23,0,30,,4156,21,0,21 2 22 23,0,70,,3786,21,0,21 2 22 23,0,100,,4297,21,0,21 2 22 23,0,100,,5912,21,0,21 2 22 23,0,100,,5915,21,0,21 2 22 23,0,100,,5926,21,0,21 2 22 23,0
401,'2',516,,5955,2,0,21 2 22 23,0,30,,4893,21,0,21 2 22 23,0,70,,3101,21,0,21 2 22 23,0,30,,5939,21,0,21 2 22 23,0,70,,5943,21,0,21 2 22 23,0,30,,5954,21,0,21 2 22 23,0,70,,3946,21,0,21 2 22 23,0,30,,4889,21,0,21 2 22 23,0,70,,5946,21,0,21 2 22 23,0,30,,5949,21,0,21 2 22 23,0,70,,4204,21,0,21 2 22 23,0,30,,5937,21,0,21 2 22 23,0,70,,5953,21,0,21 2 22 23,0,30,,5956,21,0,21 2 22 23,0,70,,5944,21,0,21 2 22 23,0,30,,5168,21,0,21 2 22 23,0,70,,5938,21,0,21 2 22 23,0,30,,5952,21,0,21 2 22 23,0,70,,5942,21,0,21 2 22 23,0,30,,2172,21,0,21 2 22 23,0,70,,5109,21,0,21 2 22 23,0,30,,4413,21,0,21 2 22 23,0,70,,4479,21,0,21 2 22 23,0,30,,5940,21,0,21 2 22 23,0,70,,5941,21,0,21 2 22 23,0,30,,5945,21,0,21 2 22 23,0,70,,5950,21,0,21 2 22 23,0,30,,5254,21,0,21 2 22 23,0,70,,2512,21,0,21 2 22 23,0,100,,5948,21,0,21 2 22 23,0,100,,5951,21,0,21 2 22 23,0,100,,5947,21,0,21 2 22 23,0,100,,2217,21,0,21 2 22 23,0
401,'3',846,,5960,21,0,21 2 22 23,0,100,,4725,21,0,21 2 22 23,0,100,,5961,21,0,21 2 22 23,0,100,,4798,21,0,21 2 22 23,0,100,,5966,21,0,21 2 22 23,0,100,,5965,21,0,21 2 22 23,0,100,,5962,21,0,21 2 22 23,0,100,,5963,21,0,21 2 22 23,0,100,,5958,21,0,21 2 22 23,0,100,,5957,21,0,21 2 22 23,0,100,,5959,21,0,21 2 22 23,0
401,'4',516,,5968,2,0,21 2 22 23,0,30,,5982,21,0,21 2 22 23,0,70,,4019,21,0,21 2 22 23,0,30,,5977,21,0,21 2 22 23,0,70,,4176,21,0,21 2 22 23,0,30,,5984,21,0,21 2 22 23,0,70,,5973,21,0,21 2 22 23,0,30,,5974,21,0,21 2 22 23,0,70,,5989,21,0,21 2 22 23,0,30,,5987,21,0,21 2 22 23,0,70,,3056,21,0,21 2 22 23,0,30,,5971,21,0,21 2 22 23,0,70,,4260,21,0,21 2 22 23,0,30,,5972,21,0,21 2 22 23,0,70,,5988,21,0,21 2 22 23,0,30,,5991,21,0,21 2 22 23,0,70,,5975,21,0,21 2 22 23,0,30,,5978,21,0,21 2 22 23,0,70,,5985,21,0,21 2 22 23,0,30,,4730,21,0,21 2 22 23,0,70,,5983,21,0,21 2 22 23,0,30,,5967,21,0,21 2 22 23,0,70,,4114,21,0,21 2 22 23,0,30,,5990,21,0,21 2 22 23,0,70,,5970,21,0,21 2 22 23,0,30,,3485,21,0,21 2 22 23,0,70,,3825,21,0,21 2 22 23,0,30,,5969,21,0,21 2 22 23,0,70,,5986,21,0,21 2 22 23,0,100,,5979,21,0,21 2 22 23,0,100,,5981,21,0,21 2 22 23,0,100,,5980,21,0,21 2 22 23,0,100,,4192,21,0,21 2 22 23,0
1101,'1',515,,6236,2,0,5 2 6 7,0,30,,4633,2,0,5 2 6 7,0,70,,6228,2,0,5 2 6 7,0,30,,6239,2,0,5 2 6 7,0,70,,6232,2,0,5 2 6 7,0,30,,6244,2,0,5 2 6 7,0,70,,6246,2,0,5 2 6 7,0,30,,6230,2,0,5 2 6 7,0,70,,6231,2,0,5 2 6 7,0,30,,6245,2,0,5 2 6 7,0,70,,592,2,0,5 2 6 7,0,30,,6224,2,0,5 2 6 7,0,70,,6238,2,0,5 2 6 7,0,30,,3497,2,0,5 2 6 7,0,70,,6243,2,0,5 2 6 7,0,30,,2933,2,0,5 2 6 7,0,70,,6241,2,0,5 2 6 7,0,30,,6237,2,0,5 2 6 7,0,70,,6242,2,0,5 2 6 7,0,30,,6233,2,0,5 2 6 7,0,70,,4226,2,0,5 2 6 7,0,30,,6226,2,0,5 2 6 7,0,70,,6240,2,0,5 2 6 7,0,30,,6234,2,0,5 2 6 7,0,70,,6227,2,0,5 2 6 7,0,30,,6229,2,0,5 2 6 7,0,70,,6235,2,0,5 2 6 7,0,30,,6225,2,0,5 2 6 7,0,70,,3381,2,0,5 2 6 7,0
1101,'2',515,,6262,2,0,5 2 6 7,0,30,,6264,2,0,5 2 6 7,0,70,,6261,2,0,5 2 6 7,0,30,,5162,2,0,5 2 6 7,0,70,,6248,2,0,5 2 6 7,0,30,,6255,2,0,5 2 6 7,0,70,,6260,2,0,5 2 6 7,0,30,,6254,2,0,5 2 6 7,0,70,,5275,2,0,5 2 6 7,0,30,,6265,2,0,5 2 6 7,0,70,,4494,2,0,5 2 6 7,0,30,,6250,2,0,5 2 6 7,0,70,,6263,2,0,5 2 6 7,0,30,,4953,2,0,5 2 6 7,0,70,,6257,2,0,5 2 6 7,0,30,,6267,2,0,5 2 6 7,0,70,,5113,2,0,5 2 6 7,0,30,,3023,2,0,5 2 6 7,0,70,,2331,2,0,5 2 6 7,0,30,,6249,2,0,5 2 6 7,0,70,,6256,2,0,5 2 6 7,0,30,,6258,2,0,5 2 6 7,0,70,,4121,2,0,5 2 6 7,0,30,,6247,2,0,5 2 6 7,0,70,,6266,2,0,5 2 6 7,0,30,,6251,2,0,5 2 6 7,0,70,,6252,2,0,5 2 6 7,0,30,,6253,2,0,5 2 6 7,0,70,,6259,2,0,5 2 6 7,0
1101,'3',815,,6268,2,0,5 2 6 7,0,100,,6273,2,0,5 2 6 7,0,100,,6270,2,0,5 2 6 7,0,100,,6276,2,0,5 2 6 7,0,100,,4251,2,0,5 2 6 7,0,100,,6272,2,0,5 2 6 7,0,100,,6274,2,0,5 2 6 7,0,100,,4790,2,0,5 2 6 7,0,100,,6271,2,0,5 2 6 7,0,100,,3805,2,0,5 2 6 7,0,100,,6275,2,0,5 2 6 7,0,100,,6269,2,0,5 2 6 7,0
1101,'4',515,,6284,2,0,5 2 6 7,0,30,,6279,2,0,5 2 6 7,0,70,,2470,2,0,5 2 6 7,0,30,,1109,2,0,5 2 6 7,0,70,,3646,2,0,5 2 6 7,0,30,,6282,2,0,5 2 6 7,0,70,,6285,2,0,5 2 6 7,0,30,,6278,2,0,5 2 6 7,0,70,,6294,2,0,5 2 6 7,0,30,,4603,2,0,5 2 6 7,0,70,,6290,2,0,5 2 6 7,0,30,,6280,2,0,5 2 6 7,0,70,,1560,2,0,5 2 6 7,0,30,,6277,2,0,5 2 6 7,0,70,,6288,2,0,5 2 6 7,0,30,,6291,2,0,5 2 6 7,0,70,,3641,2,0,5 2 6 7,0,30,,6286,2,0,5 2 6 7,0,70,,6283,2,0,5 2 6 7,0,30,,4538,2,0,5 2 6 7,0,70,,6293,2,0,5 2 6 7,0,30,,6289,2,0,5 2 6 7,0,70,,5141,2,0,5 2 6 7,0,30,,3256,2,0,5 2 6 7,0,70,,3178,2,0,5 2 6 7,0,30,,6287,2,0,5 2 6 7,0,70,,4819,2,0,5 2 6 7,0,30,,6292,2,0,5 2 6 7,0,70,,6281,2,0,5 2 6 7,0
14001,'1',815,,6961,2,0,24,0
15001,'1',746,,6972,2,,,0,70,,6971,2,,,0,30,,6970,2,,,0
